45,16
49,30
35,44
50,22
38,9
2,26
50,29
4,23
50,1
38,64
6,53
3,37
7,70
12,47
20,43
2,62
16,53
37,34
14,54
36,67
23,65
16,55
28,52
43,47
18,12
44,74
16,13
21,14
9,37
14,57
18,29
46,15
5,16
2,22
33,48
2,22
15,64
21,19
20,25
48,34
5,46
13,18
35,3
26,11
15,41
15,60
22,72
28,6
49,9
32,26
33,43
49,55
7,44
35,35
39,14
40,63
28,63
34,56
6,50
25,4
35,68
1,9
18,18
43,27
16,25
14,22
35,46
40,40
32,40
6,10
18,4
19,8
38,34
13,46
15,61
48,23
32,44
32,57
28,65
20,67
37,26
8,34
45,39
8,71
2,11
5,44
28,28
35,49
27,68
19,68
50,18
4,38
19,74
34,8
49,3
49,59
8,17
20,2
45,70
11,19
15,23
29,11
36,29
38,19
45,75
12,50
25,37
46,37
14,50
4,69
43,4
49,1
9,24
22,25
49,51
38,45
35,9
31,52
34,70
40,75
13,31
11,74
41,24
15,51
17,69
38,18
43,23
20,19
17,43
49,30
48,31
15,16
12,48
49,29
44,17
42,26
44,6
34,34
42,75
10,66
2,58
1,5
47,39
38,30
37,27
18,8
49,31
3,63
7,1
38,14
17,68
40,8
5,32
19,59
32,72
21,26
19,8
18,14
21,17
15,54
45,44
33,39
44,55
19,35
2,64
16,62
13,2
27,11
49,68
49,38
8,73
39,59
47,2
37,66
3,66
22,69
37,3
15,57
13,21
12,28
3,68
38,59
32,46
5,27
29,17
11,38
13,59
29,70
41,66
30,65
1,37
21,12
21,31
5,17
37,58
45,52
34,47
23,19
11,74
8,26
47,28
16,63
34,70
34,71
24,28
47,28
35,29
19,42
25,46
19,17
26,66
32,60
17,40
42,47
17,25
37,64
37,19
47,48
10,44
25,37
38,12
38,27
42,39
50,23
13,68
38,45
31,69
42,5
37,39
26,11
6,4
31,11
33,8
32,35
23,55
19,69
7,66
25,27
6,22
48,61
27,40
19,33
29,10
12,62
21,65
46,50
4,26
20,53
28,46
36,56
45,41
43,40
26,63
24,55
22,37
48,34
28,54
31,44
34,14
29,39
44,62
3,45
41,54
43,59
25,59
41,38
29,17
47,75
34,64
46,57
34,38
20,70
46,35
6,27
37,61
2,28
3,16
44,6
25,20
36,61
49,52
12,49
35,34
44,26
40,47
46,63
14,62
43,28
22,10
34,27
31,38
3,52
38,34
23,28
18,65
25,31
7,8
39,74
14,56
13,36
30,58
29,10
45,16
5,18
19,39
32,28
30,27
11,36
33,42
45,18
50,39
49,71
6,38
35,13
3,66
5,52
45,16
39,63
47,69
40,42
18,17
50,64
11,10
42,59
45,22
17,55
43,1
25,6
40,48
1,30
26,70
10,38
21,71
25,29
29,29
28,55
38,25
44,58
26,10
36,74
34,69
14,57
28,28
42,66
36,53
2,23
46,30
3,33
2,38
22,21
33,34
11,39
38,45
49,40
7,55
28,50
46,2
37,46
33,33
48,4
6,47
34,66
18,19
42,27
15,34
37,2
36,34
18,17
36,58
1,72
21,24
38,75
8,29
19,67
34,34
40,45
28,29
9,2
40,25
9,37
39,46
13,51
50,41
48,36
34,39
46,67
21,1
33,60
44,51
36,73
44,70
35,63
34,11
24,25
15,25
22,28
30,40
9,60
4,5
50,47
21,68
11,13
28,68
9,42
37,28
8,8
31,15
31,64
47,31
1,65
4,48
10,27
4,40
15,67
42,64
37,61
35,8
28,74
36,39
15,58
49,69
30,69
9,25
38,31
46,26
44,50
3,11
28,59
36,65
5,2
31,22
37,67
32,26
21,39
32,48
7,31
7,19
45,12
3,21
10,56
39,67
49,37
50,6
38,41
28,58
14,65
22,21
9,51
10,53
15,62
46,19
39,21
11,34
27,61
13,30
37,33
34,27
12,55
16,18
45,43
30,66
49,66
19,21
50,64
4,17
49,28
50,27
42,41
6,53
14,41
27,72
16,12
3,64
9,6
2,34
19,72
40,55
12,3
14,68
46,71
24,52
37,3
22,28
22,24
26,53
31,47
48,28
2,48
29,62
42,40
5,69
41,48
43,1
29,21
7,60
14,17
40,26
4,64
11,21
36,52
21,65
29,26
42,57
50,33
35,45
24,35
4,29
43,42
45,8
9,33
40,12
10,54
22,29
42,47
15,13
22,23
5,11
6,18
18,36
40,8
1,10
29,40
17,61
8,31
26,39
49,9
5,22
45,20
34,64
45,35
46,29
8,40
9,13
19,71
14,46
11,31
15,6
21,51
29,51
20,48
12,33
6,59
11,23
10,61
13,65
29,38
29,26
10,48
50,5
18,13
22,16
7,68
16,42
42,3
44,16
35,75
24,20
12,37
14,28
17,66
49,42
34,31
2,54
43,72
45,59
35,39
17,17
10,2
15,17
24,49
25,13
47,4
9,44
2,24
6,53
19,47
37,36
11,67
27,55
44,45
36,66
8,7
27,14
33,19
4,15
10,4
45,51
20,60
31,48
13,34
34,40
42,14
21,5
40,64
1,24
25,43
18,67
47,47
2,64
26,75
47,60
13,69
25,25
37,5
5,31
14,68
25,32
46,14
2,73
34,36
20,61
12,57
36,48
35,1
37,59
39,58
6,20
27,67
15,69
35,7
17,54
39,46
3,44
4,71
49,57
30,5
9,4
30,9
29,37
11,65
33,54
17,24
32,38
40,17
45,3
45,9
14,45
7,51
3,47
36,10
29,57
3,74
10,53
31,6
34,31
16,60
36,62
23,48
20,34
49,41
40,64
3,71
44,36
40,44
46,70
4,72
40,7
15,68
34,27
7,71
45,54
29,37
36,8
21,35
8,38
15,46
33,13
17,54
36,9
6,54
46,3
8,56
17,28
1,47
27,41
49,4
16,3
33,6
15,42
12,58
4,26
21,32
33,35
16,47
39,45
10,42
12,31
2,66
29,62
8,26
4,59
47,46
27,18
15,46
26,19
22,12
45,26
33,44
31,56
5,66
4,31
43,71
18,31
41,69
1,59
26,36
20,67
35,22
21,61
44,31
9,53
5,39
9,4
34,67
38,34
14,62
37,22
14,51
47,75
13,10
22,29
30,56
37,72
38,1
33,28
9,60
44,53
35,28
16,26
39,24
37,70
8,43
26,52
38,9
31,2
19,32
28,56
49,61
6,27
40,16
15,51
12,30
14,35
49,2
30,69
19,44
12,72
20,38
12,2
12,3
11,48
20,48
1,57
13,10
36,68
13,71
28,42
1,6
35,57
16,4
37,55
27,53
33,59
10,46
18,36
30,8
7,57
1,49
14,46
20,39
12,63
16,53
33,33
2,50
47,25
41,35
36,14
16,37
6,53
50,17
29,49
39,18
16,12
41,60
28,28
40,7
19,60
42,67
21,63
2,17
37,40
34,1
34,9
20,72
23,39
27,43
31,13
48,44
4,6
20,38
31,19
6,43
27,55
5,70
18,32
4,22
34,59
25,3
49,58
29,15
39,65
18,3
42,18
25,15
42,19
42,26
23,41
30,38
22,9
24,71
1,35
31,3
22,20
46,63
35,69
31,23
26,14
37,57
45,6
37,23
13,68
5,8
30,56
42,10
9,75
31,64
15,48
9,23
13,25
30,44
17,49
26,69
32,41
42,20
40,64
31,28
20,14
35,9
19,38
23,53
22,58
33,53
16,58
1,66
1,33
26,43
24,12
49,45
20,13
24,4
46,43
17,26
19,19
24,9
47,5
47,57
44,68
8,42
1,61
31,65
27,73
13,28
18,3
45,18
11,8
36,16
2,30
40,65
23,24
16,6
15,68
47,71
25,56
35,43
1,32
30,44
29,46
27,71
16,73
50,26
18,19
46,63
18,54
37,36
6,23
6,52
25,40
29,47
2,24
44,45
18,25
12,60
26,11
33,32
44,65
28,37
16,74
37,5
50,8
30,59
1,17
23,53
16,68
5,3
2,68
46,75
5,31
50,3
1,10
16,16
4,24
30,20
38,48
19,39
41,39
32,70
36,7
30,9
44,40
25,46
3,47
19,74
48,42
20,69
50,53
2,66
40,30
36,52
32,16
48,50
27,44
12,40
14,74
14,75
41,66
9,37
32,53
9,34
48,47
16,15
13,35
27,9
24,58
8,25
19,67
25,50
29,62
5,35
20,64
36,73
14,30
5,9
27,42
12,7
12,20
38,1
46,57
22,5
3,9
3,38
42,72
32,70
20,38
47,61
31,54
4,8
46,25
47,64
19,32
29,70
27,5
6,9
8,37
38,62
20,2
20,21
41,17
7,25
39,13
37,3
32,32
24,39
10,50
6,43
42,43
35,49
27,9
49,58
43,38
40,68
38,8
21,45
16,60
15,51
10,45
4,16
35,42
16,8
31,45
46,37
19,15
50,62
17,57
37,52
13,28
25,20
20,62
15,40
1,66
11,31
19,33
19,18
25,37
48,74
41,65
9,19
30,22
27,42
6,45
13,42
3,46
22,62
6,62
41,66
14,59
5,55
20,39
7,72
41,57
17,65
41,57
44,30
10,18
34,7
15,55
21,32
31,49
19,57
1,42
6,51
34,6
37,3
39,34
43,7
9,44
37,28
13,31
38,23
38,3
32,67
7,55
29,40
19,51
6,56
8,29
48,20
32,49
10,55
2,62
31,57
19,45
47,54
50,3
9,16
46,5
1,73
47,18
28,71
26,15
34,8
17,9
47,60
32,36
37,46
11,2
14,70
22,66
26,41
40,65
27,26
26,69
43,7
19,75
17,31
6,20
12,63
9,39
22,20
34,11
5,39
16,43
1,66
40,7
27,5
36,75
7,49
33,25
30,32
14,64
21,49
8,25
25,72
40,33
38,69
22,19
45,50
39,2
2,71
46,73
15,22
23,21
35,9
6,44
9,63
46,2
50,61
37,34
19,73
4,4
5,28
17,47
31,36
6,37
44,48
15,50
26,23
29,11
10,65
33,29
43,16
13,70
1,32
13,6
47,25
33,5
44,65
44,70
48,63
34,17
50,48
36,41
28,20
26,53
13,44
13,38
17,52
11,66
6,31
31,16
12,4
28,42
50,18
39,49
21,49
9,28
11,33
20,16
25,54
20,57
46,42
42,27
4,12
37,15
33,1
41,42
11,35
50,71
5,13
29,24
24,65
15,45
21,68
15,68
15,75
20,30
1,66
15,51
11,15
25,63
25,44
50,32
42,47
8,56
22,34
6,25
8,6
14,4
14,18
48,13
43,63
45,50
32,32
27,26
9,25
37,68
34,55
41,68
44,65
39,59
38,42
23,64
45,4
13,72
30,20
21,74
13,25
49,50
35,25
40,31
5,61
30,9
36,17
33,32
13,28
9,31
24,13
21,23
20,4
40,43
9,44
38,69
46,57
33,27
38,13
11,42
4,27
35,71
49,26
7,50
20,63
36,17
5,75
26,7
46,52
14,48
28,17
13,38
3,51
11,73
29,24
34,7
9,47
17,9
24,36
17,4
46,10
10,25
44,40
42,69
12,42
23,6
45,44
1,64
6,14
45,23
7,13
4,6
9,47
4,36
34,31
32,33
18,18
37,32
2,69
32,41
43,22
37,3
44,45
10,44
31,37
50,22
30,2
46,56
3,8
9,20
23,26
13,63
47,1
36,50
43,44
41,16
28,27
23,64
23,4
11,43
22,37
44,13
21,26
43,26
16,74
20,70
38,28
5,38
2,68
5,65
45,40
37,3
34,60
37,19
29,5
15,75
45,45
42,74
25,7
21,45
9,29
18,66
10,66
23,14
14,72
42,41
48,27
35,68
38,63
25,47
31,46
39,20
35,30
2,12
28,9
2,71
25,38
36,39
10,64
42,61
18,41
49,47
12,57
2,41
46,70
11,49
30,60
50,42
31,7
10,60
42,22
33,12
47,67
3,35
33,14
36,69
50,52
14,5
32,12
2,71
19,38
13,47
45,28
18,52
26,11
46,8
34,3
49,4
46,62
35,26
35,44
45,55
11,24
33,68
27,70
47,35
3,20
22,26
2,2
14,42
28,28
48,38
14,47
13,72
37,17
9,61
23,53
13,59
31,40
21,44
36,33
9,44
11,34
3,31
31,47
1,67
28,11
40,25
32,30
23,45
4,53
10,23
39,10
1,27
1,50
38,38
31,52
42,9
10,27
15,62
29,64
18,8
11,21
13,24
46,69
8,16
4,63
26,2
13,66
42,8
23,53
20,72
45,39
14,66
16,52
7,22
6,48
2,17
18,7
5,37
44,52
23,8
26,40
22,59
9,62
43,25
27,15
19,65
23,31
12,53
50,28
1,17
40,65
6,34
41,23
34,14
40,26
12,58
14,22
22,27
5,38
36,37
42,61
38,69
13,13
39,71
44,30
25,39
34,17
17,49
22,74
49,65
8,52
28,15
49,47
30,13
49,66
31,38
33,39
20,74
6,15
10,48
27,56
16,30
43,54
5,3
49,60
47,8
27,65
18,12
14,42
48,48
29,46
49,75
39,75
44,13
42,26
27,18
39,26
17,31
19,12
18,19
27,42
11,14
48,39
49,60
9,19
36,43
12,43
4,70
39,25
32,65
43,70
11,47
13,52
17,15
27,71
40,9
11,53
6,1
20,60
2,20
2,6
50,44
32,73
1,17
14,31
33,4
27,37
20,46
18,44
47,21
10,58
14,18
24,45
18,41
23,5
27,74
15,28
42,59
47,47
50,22
35,9
47,9
15,56
30,54
15,38
34,62
44,58
4,20
40,58
7,4
31,35
39,17
44,51
38,12
33,47
34,55
31,48
30,7
42,12
47,55
50,48
13,72
20,54
6,40
16,44
50,13
26,71
35,17
17,54
12,47
50,34
4,52
42,71
11,18
10,74
21,48
42,30
3,73
11,62
42,13
29,18
43,6
32,38
12,50
48,28
38,10
47,24
37,42
29,42
6,34
26,66
18,25
8,27
18,8
45,54
1,39
45,6
3,58
30,75
4,25
36,42
15,62
13,23
36,38
34,37
21,50
36,28
34,52
45,40
46,20
8,10
39,19
18,17
12,65
13,74
49,44
25,60
38,72
30,40
4,65
33,64
22,31
16,26
41,40
21,28
44,5
4,60
9,45
39,4
23,2
4,64
13,52
26,62
9,68
32,54
6,27
23,5
31,23
35,28
47,2
21,54
23,67
5,68
26,53
32,12
9,41
4,5
40,60
31,56
45,37
9,69
45,52
14,40
31,2
9,65
45,32
6,34
31,27
20,27
30,47
17,35
14,36
27,42
15,30
14,62
35,71
24,34
42,37
41,58
31,44
15,37
27,58
13,58
22,47
23,33
20,19
8,21
9,54
32,32
8,54
12,17
38,27
9,72
47,50
31,10
27,48
37,2
17,63
48,39
12,59
7,50
48,63
22,34
40,16
15,10
43,31
31,68
18,6
38,13
30,23
42,58
1,24
45,58
26,10
48,25
39,9
10,29
30,43
14,69
47,54
9,56
19,37
14,11
2,63
34,19
5,59
46,70
48,27
33,48
47,50
48,50
13,72
18,56
11,17
16,58
41,62
12,67
7,7
20,40
3,58
37,51
23,53
12,75
11,20
22,18
47,48
50,21
39,38
24,32
7,40
46,61
27,68
23,21
27,3
40,65
49,9
30,13
47,21
11,43
36,27
27,72
40,7
43,13
42,73
6,48
31,73
20,40
43,70
8,42
13,73
23,13
24,43
14,61
3,62
18,38
15,69
36,59
50,73
1,34
3,22
22,43
46,13
13,75
37,5
17,75
7,50
16,56
46,28
24,18
41,3
6,2
32,46
17,53
14,47
27,66
47,54
25,73
28,67
13,23
16,21
5,75
25,27
20,49
30,73
44,47
25,59
32,2
9,31
48,24
42,42
37,9
27,34
4,32
9,27
11,1
6,13
46,42
48,9
27,21
12,52
5,23
37,69
19,11
5,35
40,10
48,71
24,57
27,74
24,3
15,73
24,19
38,65
26,25
44,6
5,5
44,51
5,12
24,32
19,46
4,70
17,53
29,6
4,13
36,13
1,72
32,38
50,20
11,65
28,66
21,5
15,2
20,54
13,21
43,24
15,9
31,66
49,28
33,59
34,52
40,25
31,53
4,10
22,29
35,63
48,46
44,37
10,2
33,24
16,64
41,60
16,30
44,68
18,57
27,47
31,33
10,65
4,7
23,44
48,20
15,66
30,3
19,52
12,10
35,72
37,25
23,62
44,1
1,17
42,13
39,52
43,5
11,38
22,1
21,9
29,5
19,5
29,71
10,22
1,14
33,17
4,44
46,22
50,28
50,6
4,17
38,59
25,46
2,41
41,66
14,18
36,44
20,50
49,30
13,70
41,56
11,50
26,42
31,21
8,70
27,5
1,26
3,27
16,44
30,73
46,50
24,12
46,33
26,38
10,19
17,45
6,6
13,25
2,7
14,70
50,57
19,67
18,16
12,28
27,3
18,30
41,22
1,12
14,4
38,7
3,9
4,69
31,71
48,71
5,55
17,18
15,50
49,13
15,44
41,53
11,11
49,13
46,71
39,62
4,8
4,73
17,15
44,66
35,36
14,31
13,22
15,61
36,9
5,12
16,64
44,52
13,5
44,69
8,69
1,51
9,11
44,74
33,27
45,8
40,8
25,62
16,31
22,69
43,13
24,60
43,47
25,16
12,29
37,22
17,73
37,58
23,46
13,10
21,23
8,27
11,75
19,17
19,5
19,63
31,72
3,74
23,17
42,42
32,50
38,21
32,47
40,62
19,54
18,53
9,24
26,42
1,9
29,65
13,21
43,14
1,67
34,28
46,56
17,19
39,53
25,56
28,66
36,45
11,42
43,50
36,51
34,23
23,37
49,26
32,74
16,28
42,44
14,56
48,32
46,47
20,9
47,36
42,58
1,12
20,74
33,52
22,14
24,26
11,28
46,33
39,75
31,60
20,10
47,73
30,74
33,60
33,18
14,45
37,16
24,52
24,62
48,50
17,47
48,49
6,70
26,44
25,36
43,30
26,10
4,53
43,3
28,31
17,64
2,15
46,67
31,1
45,18
48,73
3,72
24,59
10,21
44,51
24,6
15,14
20,67
5,46
7,58
43,34
14,40
17,36
30,57
38,17
17,39
35,20
27,67
18,42
34,23
26,43
9,66
48,20
28,64
41,2
40,75
44,10
20,39
35,39
32,75
10,33
27,49
18,72
20,3
33,38
28,41
48,63
13,21
14,30
30,6
47,55
47,55
22,26
32,43
44,2
10,63
47,51
6,7
2,40
27,75
44,40
10,24
24,20
3,4
44,9
12,24
47,42
4,35
25,61
12,1
16,62
8,48
16,54
31,22
37,14
13,56
43,45
11,30
27,48
13,13
15,45
35,58
40,66
46,29
31,49
30,18
16,40
34,4
19,42
1,57
33,57
17,53
44,37
23,25
18,51
47,66
28,4
36,55
7,30
43,33
41,18
34,7
30,2
22,25
47,13
2,74
32,38
27,41
14,1
45,22
22,43
2,70
36,54
35,20
41,71
46,73
35,43
48,31
5,18
6,64
3,10
21,14
32,72
13,4
27,14
23,10
26,43
1,19
11,57
19,66
17,14
27,74
13,5
15,5
28,10
23,3
45,4
12,23
9,64
15,58
24,48
37,47
25,59
24,10
28,53
10,25
44,17
26,66
30,32
47,44
34,14
25,30
37,32
12,35
17,54
4,27
23,46
21,54
23,68
25,36
30,12
26,65
47,10
9,51
27,28
36,57
47,54
5,22
7,26
45,5
28,1
40,64
32,63
44,20
41,61
21,53
47,34
50,39
35,48
24,46
14,42
46,73
1,25
22,57
26,10
29,9
1,33
47,44
18,50
12,7
13,68
44,56
48,1
42,36
37,44
31,38
44,23
41,75
5,62
42,23
21,10
38,52
12,23
35,37
27,31
8,2
21,29
18,27
35,14
1,1
26,72
2,71
27,6
13,53
32,70
25,41
42,70
34,10
8,14
26,49
16,25
48,25
21,45
5,37
48,34
16,70
41,62
40,35
6,61
9,12
3,75
44,45
47,47
10,36
35,17
10,39
34,28
35,14
1,53
27,70
50,58
38,14
32,42
37,1
7,17
2,27
1,27
31,25
24,27
20,60
21,47
40,55
13,60
13,33
7,47
23,31
15,18
9,22
12,51
49,28
45,14
17,36
11,64
26,24
39,28
36,50
16,55
27,28
49,3
47,63
16,22
44,39
39,47
4,59
10,24
5,60
19,3
45,17
14,24
27,30
15,72
34,58
46,60
6,42
36,61
16,16
38,11
4,46
16,62
35,44
40,55
7,34
15,70
14,21
42,23
5,50
26,41
28,27
31,9
30,75
26,39
4,29
1,67
3,19
49,23
47,34
31,71
31,43
42,18
25,75
26,63
37,30
36,50
35,16
30,54
50,15
12,54
4,20
33,57
23,30
44,3
15,41
20,48
2,43
47,74
27,29
32,46
25,51
40,51
34,26
10,64
33,20
16,56
12,69
44,27
46,6
40,7
6,36
28,14
1,6
32,10
14,46
9,46
29,47
12,30
24,74
5,8
11,3
20,3
12,49
21,10
36,44
4,35
30,41
25,1
7,46
33,45
36,6
29,4
5,52
9,46
35,36
44,71
50,51
45,7
5,39
48,28
34,38
21,53
28,54
1,2
7,17
13,65
17,37
20,10
24,26
47,41
24,61
22,18
35,10
24,69
33,30
46,47
33,21
47,17
33,65
25,29
34,12
24,36
11,2
31,38
15,58
32,57
29,31
45,65
4,14
1,32
13,8
19,56
15,48
11,4
29,14
24,46
43,42
44,25
17,73
1,51
27,73
32,68
39,13
3,20
20,5
8,36
43,6
7,44
40,56
9,44
41,42
47,9
15,2
46,2
27,44
27,7
9,25
45,21
24,36
48,10
30,72
34,38
2,75
38,59
22,22
27,44
41,33
44,73
2,40
31,57
14,3
36,61
27,5
16,40
10,65
6,25
40,4
1,65
45,33
5,23
14,10
30,19
3,72
15,56
24,70
13,71
44,16
44,42
12,65
49,73
35,18
30,43
9,16
41,58
22,1
4,45
23,23
25,11
22,35
38,43
39,43
3,19
31,13
23,44
9,34
32,2
23,10
31,3
27,2
4,64
8,40
16,35
43,49
25,43
36,55
6,58
6,31
10,10
9,26
48,1
38,17
30,74
19,4
7,25
35,35
31,31
20,69
21,19
13,45
20,72
34,67
44,35
17,65
46,4
47,37
43,15
4,6
5,71
48,26
5,61
26,14
44,19
6,53
20,15
50,70
44,44
48,75
17,65
18,10
32,39
7,7
20,16
31,32
18,24
42,36
16,69
25,44
23,38
2,48
18,48
24,54
3,1
31,21
13,5
37,18
30,62
35,44
34,32
40,50
33,53
18,6
19,40
31,72
5,28
28,63
42,54
40,1
2,32
2,28
30,25
9,21
29,45
45,37
11,69
46,2
35,28
50,49
14,31
18,40
20,49
10,66
26,68
20,66
2,52
28,20
20,33
4,24
27,7
25,59
32,10
38,14
24,40
8,36
37,11
37,48
4,38
49,72
8,23
39,51
10,1
23,40
19,49
32,21
15,51
7,15
46,42
45,20
46,1
21,75
39,69
8,68
48,69
10,67
23,9
9,17
16,62
30,48
34,17
41,62
45,66
9,4
1,41
36,39
31,54
2,11
45,59
46,21
43,42
29,34
23,57
42,14
26,68
44,8
49,21
30,53
10,45
6,67
38,9
45,31
11,51
14,55
4,3
17,41
46,23
39,10
32,28
19,10
3,75
27,8
34,47
27,26
7,26
48,23
34,2
27,56
33,13
13,59
24,7
6,37
29,26
10,51
25,34
3,62
12,73
43,57
30,59
37,44
7,71
30,55
5,2
44,67
39,3
24,36
7,44
33,72
44,3
27,25
22,66
43,52
15,9
4,53
10,59
8,66
22,50
33,41
25,29
21,42
24,24
46,35
49,44
35,48
16,67
44,41
13,31
8,20
5,69
23,73
48,12
36,75
44,46
2,36
48,10
24,38
32,74
43,9
49,30
36,53
22,34
20,23
46,47
31,2
25,29
22,44
47,33
31,24
31,69
30,28
28,17
35,15
21,29
46,22
28,3
16,54
11,56
28,38
39,31
5,20
50,1
49,43
35,67
29,15
19,41
26,5
41,26
8,15
38,16
44,40
36,25
24,35
4,55
19,15
45,8
28,16
42,25
19,41
13,11
26,40
41,54
46,1
27,19
46,66
30,27
39,43
27,43
28,51
27,39
25,73
27,28
16,20
50,23
12,37
49,47
48,46
35,27
36,1
21,36
47,63
42,37
31,41
18,74
34,20
39,53
50,56
33,41
50,33
20,50
1,18
1,32
46,73
21,12
44,14
43,42
14,5
30,49
8,4
39,59
46,1
32,74
36,20
31,16
48,12
18,21
31,57
23,53
42,30
29,48
7,15
7,38
21,18
23,70
8,1
21,72
34,47
38,1
31,3
36,49
18,15
10,53
42,43
48,39
31,67
42,56
24,10
32,55
45,10
29,36
42,52
3,72
38,30
31,74
1,35
5,60
34,70
15,71
50,32
34,64
15,70
17,21
10,50
25,42
50,2
6,37
24,19
42,50
8,19
48,33
49,72
26,12
40,2
4,41
42,53
37,36
23,55
10,67
18,59
39,8
46,5
1,75
17,46
17,33
5,48
40,56
24,19
45,25
22,14
25,12
30,71
36,22
15,49
2,56
3,71
16,28
25,65
26,68
48,39
41,14
35,48
23,16
46,74
1,16
43,65
24,14
15,46
26,74
18,54
36,52
29,46
20,12
17,33
13,46
37,74
19,69
19,24
24,72
25,38
20,23
33,63
45,14
24,10
4,67
18,41
28,18
41,9
31,7
13,22
45,35
37,30
24,66
25,42
41,74
7,42
25,64
17,31
3,56
36,16
35,16
19,29
14,15
22,10
6,19
36,29
36,15
31,69
29,20
18,2
35,69
16,7
38,60
3,54
46,30
4,65
19,4
31,52
5,27
7,22
23,27
23,43
14,58
43,22
12,32
42,60
20,52
26,59
45,22
32,36
8,54
12,54
9,64
50,50
30,71
42,17
7,6
29,26
23,56
41,74
48,58
25,37
28,22
24,52
28,62
40,62
37,49
7,55
7,56
20,33
39,14
35,22
30,47
33,24
6,13
17,13
24,49
27,29
12,56
8,68
19,24
7,58
8,1
25,37
47,64
11,54
18,29
12,58
4,15
45,71
32,13
29,29
25,47
18,7
6,57
25,30
30,38
3,35
4,70
7,45
7,14
19,21
49,46
41,8
21,58
16,4
43,17
14,17
37,57
14,41
34,30
19,14
18,62
6,64
16,58
36,11
3,22
41,34
40,23
21,67
41,19
34,27
23,35
27,29
12,64
36,24
33,45
47,56
41,15
47,11
25,72
40,49
3,14
50,43
21,62
22,33
17,29
37,32
37,1
37,67
15,56
32,36
3,30
25,35
19,5
32,45
19,21
20,64
24,2
15,20
24,73
49,31
21,22
50,21
44,38
1,61
23,3
43,57
17,23
31,50
36,41
11,27
10,63
3,5
50,66
49,54
36,36
22,25
39,17
4,58
21,16
30,65
3,63
7,26
22,49
26,12
21,48
29,71
39,46
11,44
12,70
14,75
28,22
5,74
31,40
49,9
12,63
13,37
48,26
15,27
36,55
32,27
19,61
15,6
46,37
28,13
1,37
28,37
47,44
16,58
37,12
37,68
34,31
46,44
19,6
50,32
17,65
44,38
15,70
32,56
50,2
4,10
49,61
6,57
15,58
28,28
2,40
31,42
50,56
34,72
45,55
36,64
26,10
43,11
31,3
11,1
48,44
39,55
4,45
47,65
15,13
14,46
26,47
21,60
13,25
26,41
13,51
43,21
16,17
31,63
49,73
8,20
29,41
21,33
38,67
24,31
41,61
34,55
23,7
17,67
37,4
45,21
27,50
38,21
37,39
21,65
49,7
46,25
1,2
3,73
11,73
3,27
43,8
37,34
1,10
42,17
46,55
6,69
4,66
37,68
40,10
35,18
24,47
22,55
46,26
36,33
3,27
35,57
50,41
22,33
47,23
14,47
35,15
48,19
49,74
13,11
15,11
9,6
14,62
45,18
34,75
28,51
21,30
9,42
3,27
47,41
23,23
49,37
44,6
28,22
34,14
38,70
5,44
7,68
9,47
25,13
33,15
38,71
39,46
11,22
1,31
11,48
3,54
35,75
9,52
11,15
14,45
29,38
13,47
30,63
13,22
19,32
44,57
45,19
28,3
37,20
44,20
14,20
49,10
44,28
44,12
36,37
21,23
46,5
32,20
35,12
1,29
2,55
2,59
39,23
42,34
23,11
49,72
17,1
17,23
27,10
38,17
48,8
29,67
1,43
43,63
31,22
18,44
13,37
12,41
12,15
18,44
27,33
36,44
27,35
49,68
37,25
37,43
21,60
22,70
9,10
39,15
23,1
42,12
40,29
36,63
39,60
4,26
39,13
35,40
20,74
19,43
30,71
6,22
29,59
9,34
3,23
19,9
22,12
7,41
30,42
40,11
38,11
7,71
14,30
41,18
6,68
27,14
39,15
31,38
45,41
30,1
11,20
39,36
21,72
46,46
3,12
47,64
10,18
41,35
41,13
2,14
49,72
18,12
39,15
18,18
28,48
32,4
49,59
47,38
18,49
27,24
25,16
10,72
49,52
50,41
20,11
35,56
27,31
2,20
46,47
36,17
31,51
3,32
26,67
44,32
15,24
6,13
33,54
35,59
39,29
10,7
11,61
43,31
48,68
27,43
38,51
30,55
48,23
36,62
8,58
23,7
41,44
12,5
3,39
5,62
37,19
25,40
22,47
2,60
42,49
24,46
19,23
34,47
37,28
11,26
1,66
32,75
48,8
14,47
29,60
19,33
41,53
43,38
10,5
15,25
14,68
50,39
15,63
37,39
46,47
17,51
15,57
41,64
32,38
30,26
18,30
12,3
14,4
40,50
23,13
22,51
4,67
4,8
44,9
35,8
19,57
36,72
23,53
7,5
45,75
44,52
24,72
49,66
34,73
13,20
2,6
3,57
10,50
30,31
35,54
49,39
41,36
49,45
35,21
29,44
46,56
39,35
15,56
10,9
46,14
22,69
44,34
4,23
35,73
38,61
6,55
19,14
2,27
45,75
50,29
10,30
20,51
17,23
16,45
23,34
24,36
25,38
15,5
33,28
21,51
46,54
26,59
24,15
19,44
22,71
43,15
7,40
50,3
27,16
6,58
50,8
26,24
17,48
12,65
46,74
36,40
30,24
25,36
44,46
10,12
47,56
9,39
30,21
18,73
26,19
27,34
14,49
35,61
11,16
22,63
48,38
34,35
12,26
31,62
3,39
8,70
1,72
42,19
47,75
36,6
15,21
18,50
23,20
14,70
32,52
14,51
9,28
10,32
4,53
14,20
33,40
46,1
5,45
22,24
41,34
44,16
25,28
28,52
8,2
1,74
4,51
10,28
13,37
38,49
38,31
10,18
37,35
21,57
19,26
28,65
42,72
6,14
41,5
9,61
41,39
14,4
35,23
10,74
17,41
38,46
43,60
28,31
13,48
25,3
48,60
17,61
24,12
8,9
29,1
28,15
16,71
42,19
8,11
27,32
14,33
22,62
30,71
1,3
21,54
47,13
29,12
43,2
10,35
30,41
8,6
21,25
50,43
16,69
49,23
14,9
6,5
38,40
19,39
12,39
8,9
36,65
5,29
32,12
5,62
4,52
29,74
14,16
1,8
42,2
32,8
4,8
23,62
4,38
20,25
33,51
12,5
21,3
18,43
12,46
48,12
42,11
12,44
28,10
40,42
26,21
34,17
44,4
3,46
21,21
16,9
38,57
9,30
23,38
30,18
43,35
44,18
4,37
14,70
44,65
14,71
36,64
42,28
1,2
10,27
50,57
8,73
15,63
20,6
49,64
7,4
27,43
35,4
21,34
8,30
39,9
38,42
50,29
21,68
47,61
20,34
16,18
12,8
16,68
48,18
5,16
49,2
37,18
21,11
8,58
49,42
44,60
29,66
1,45
49,69
22,38
8,13
24,52
37,23
17,45
38,38
26,70
16,43
8,55
41,57
49,20
38,12
42,63
29,40
33,27
5,54
47,3
41,45
4,60
29,4
26,8
41,42
2,35
3,71
24,1
37,22
39,17
47,12
38,75
17,48
6,15
33,73
26,3
30,35
6,55
26,27
8,58
13,66
23,15
7,28
39,48
3,49
32,61
48,53
6,49
43,6
24,70
48,24
23,64
3,75
45,44
42,57
25,28
7,1
49,5
36,42
44,73
43,36
8,75
17,53
5,67
19,36
44,33
45,18
41,70
22,46
8,10
25,15
41,23
8,20
34,71
37,4
47,23
11,38
5,36
9,35
26,27
46,1
12,26
45,5
25,68
10,4
32,9
21,56
25,50
33,64
42,6
1,12
8,24
28,43
12,30
8,26
39,73
5,60
11,36
49,36
21,8
39,59
38,52
21,62
45,36
1,32
41,25
32,33
17,57
43,69
41,24
42,7
38,64
14,50
1,47
27,1
35,15
22,55
15,18
21,35
45,54
34,57
20,55
27,33
18,50
23,35
32,5
34,8
15,53
2,68
21,58
41,21
48,1
37,48
45,67
7,8
18,30
1,7
32,5
36,2
16,64
16,27
9,5
20,47
27,25
23,46
11,39
3,10
46,30
41,29
50,68
27,35
27,27
6,18
3,44
24,17
50,1
30,43
23,35
6,67
31,9
6,43
23,40
45,64
17,67
9,18
13,24
2,32
16,64
42,61
48,12
29,71
43,18
31,15
47,37
34,34
15,70
39,66
40,73
1,1
24,21
46,13
21,18
49,51
49,13
14,46
32,24
47,35
27,13
36,16
46,52
46,64
11,55
48,25
28,13
32,26
42,62
17,52
13,31
27,47
14,71
12,57
12,6
41,73
50,23
17,47
13,61
5,59
18,5
49,52
15,48
7,61
28,70
39,62
49,19
12,10
32,8
48,74
24,13
31,11
46,74
17,19
42,1
5,3
37,43
17,14
23,64
17,48
41,32
11,23
15,75
50,57
5,16
50,12
44,9
16,15
23,63
40,23
15,67
50,41
43,56
5,31
46,3
35,60
39,23
9,4
48,25
42,68
50,44
8,47
1,71
9,46
13,11
37,47
3,3
18,69
22,51
23,42
45,45
43,4
27,15
20,43
47,20
13,9
50,67
16,54
37,28
27,69
30,38
8,58
15,5
38,55
48,20
32,21
44,22
1,31
37,9
5,62
28,46
34,1
46,47
32,14
37,48
9,5
8,41
49,31
22,7
38,35
23,49
31,51
32,73
12,54
44,68
49,47
14,53
18,74
42,12
43,51
22,43
50,25
5,42
7,26
16,46
49,49
19,48
19,68
1,75
19,70
20,69
16,63
33,43
40,34
10,75
29,22
12,5
2,66
33,21
30,6
43,68
21,21
48,25
13,48
17,34
49,63
40,70
15,40
14,13
34,40
39,52
8,24
2,51
22,23
31,38
13,55
21,22
5,37
26,3
45,25
16,12
6,56
2,56
26,23
39,38
31,37
30,5
16,13
38,7
12,20
45,71
2,63
10,19
22,37
43,61
1,18
15,26
11,46
29,32
15,22
9,10
27,9
45,58
7,26
50,69
38,32
40,47
22,29
7,21
27,59
16,2
23,74
25,29
11,20
43,53
30,25
40,72
5,59
21,69
48,33
6,8
26,70
3,44
22,50
46,63
25,22
44,39
50,12
34,42
32,38
29,66
25,22
16,32
32,64
27,50
49,17
17,8
34,16
26,40
46,68
48,41
18,2
11,24
23,22
48,71
6,65
15,34
44,18
31,17
31,48
48,45
7,19
44,21
48,58
43,59
32,11
32,54
28,2
27,36
4,1
49,26
45,44
28,9
47,67
12,33
31,23
46,22
48,27
21,8
8,72
18,51
22,14
16,73
11,44
45,65
36,10
8,47
34,46
35,42
35,57
18,6
28,32
9,26
12,27
39,15
32,33
17,10
33,22
46,54
14,45
45,26
50,29
37,36
8,22
31,26
34,64
20,31
31,21
7,2
1,73
37,65
41,52
12,21
41,2
49,29
35,74
15,9
43,75
5,13
35,53
10,71
38,32
27,59
2,70
27,29
8,68
36,23
44,3
27,23
8,34
34,11
17,18
33,51
28,22
28,46
10,74
16,23
40,59
7,30
8,35
13,67
25,45
12,61
14,74
13,62
24,60
2,20
2,4
31,38
39,65
12,56
19,69
10,14
30,31
26,6
46,11
8,52
10,59
33,56
1,64
21,43
2,55
7,30
48,5
14,56
9,47
31,22
12,38
26,44
20,4
11,65
24,14
46,25
33,25
3,20
21,66
25,70
23,50
36,49
39,60
12,40
7,59
46,23
27,64
24,53
14,5
18,72
32,41
5,65
42,62
38,47
1,2
18,22
6,52
42,43
40,66
40,45
42,53
37,53
13,46
40,60
44,27
50,26
27,41
16,69
28,64
41,73
3,46
27,10
22,47
10,64
1,68
46,30
14,56
7,70
41,31
31,18
2,72
38,49
2,1
38,43
19,69
1,70
4,63
28,17
9,46
14,48
21,71
39,74
23,45
4,60
21,29
6,12
13,44
47,8
43,66
5,32
44,46
24,8
45,74
17,33
10,69
38,16
8,73
41,7
9,59
10,33
48,73
9,75
41,65
35,37
45,34
19,23
26,64
39,61
24,51
5,35
14,48
30,38
32,68
1,22
39,65
47,6
34,50
25,69
23,36
15,3
16,64
27,57
28,35
35,23
11,1
31,39
35,56
9,23
19,50
19,68
43,30
36,3
27,22
31,64
18,64
18,75
19,5
9,32
6,64
48,13
11,54
4,57
13,32
20,71
25,14
27,59
5,30
10,68
7,38
12,19
42,64
47,27
33,47
7,47
29,56
11,40
36,17
36,10
16,73
40,9
45,51
18,14
16,43
45,74
44,20
16,46
32,54
17,27
39,55
5,47
15,59
19,57
49,2
5,67
35,5
30,12
36,8
18,13
26,57
3,7
37,12
38,24
22,46
46,75
45,27
18,45
44,13
42,9
15,45
11,23
25,2
15,62
34,12
45,39
18,12
43,2
34,1
45,10
2,5
17,28
6,7
50,25
36,75
15,41
14,19
44,69
28,57
31,54
43,70
33,22
36,29
33,56
26,26
46,64
14,53
4,18
14,63
10,30
2,73
6,51
43,27
13,8
15,70
24,70
21,14
14,9
21,3
34,56
23,19
41,28
4,34
14,43
9,48
33,54
29,16
35,67
41,73
22,27
7,41
23,44
44,75
22,7
22,73
41,18
9,34
48,59
8,56
31,31
5,51
47,49
14,57
18,16
26,30
15,35
31,24
31,68
40,18
25,7
1,14
8,16
41,32
27,10
13,68
37,5
19,2
13,35
31,60
16,9
32,18
30,3
34,28
32,65
43,5
49,69
13,39
21,69
27,55
42,65
12,18
49,45
33,18
5,44
4,11
15,1
47,30
23,58
30,10
27,35
40,51
14,14
47,63
41,64
31,26
47,67
49,34
45,30
14,74
19,33
14,4
40,53
40,74
49,65
4,49
17,31
11,29
4,41
49,59
34,63
21,19
49,55
11,30
3,37
26,5
25,46
38,7
10,57
45,43
21,72
43,73
39,73
1,39
35,44
20,26
22,37
16,41
2,2
4,6
25,29
47,37
18,1
8,54
34,9
10,23
34,30
19,55
49,35
24,1
36,53
36,35
5,12
32,1
16,16
4,14
35,61
5,2
1,27
31,59
42,23
43,43
20,6
35,3
6,45
29,43
28,5
19,60
34,36
20,16
19,11
21,35
3,2
32,64
16,27
36,47
43,53
10,31
42,11
4,2
24,46
45,54
32,38
32,47
23,23
18,41
49,31
21,52
45,30
27,29
23,63
37,58
44,72
37,64
44,72
48,39
21,28
37,58
12,52
42,41
20,75
21,1
50,13
33,34
15,37
26,33
31,51
29,48
44,10
42,52
39,60
38,38
18,64
6,45
34,49
23,16
29,75
50,35
22,54
39,54
15,21
28,29
23,39
46,56
41,8
45,9
43,11
39,45
13,68
34,12
3,5
39,49
3,23
44,47
35,8
11,12
19,10
20,38
12,28
3,63
47,29
40,44
38,26
18,33
12,31
11,40
3,46
33,18
25,68
18,12
33,22
3,54
45,56
37,55
39,21
19,67
43,63
11,51
15,15
46,53
48,33
21,22
45,51
6,57
24,12
1,26
1,68
10,50
17,6
35,2
31,47
34,72
3,24
34,17
20,74
48,23
50,49
10,16
44,59
42,16
32,74
13,46
14,2
44,72
33,42
18,16
26,67
5,25
39,34
13,43
1,66
18,37
10,53
17,28
36,74
39,42
13,36
20,47
19,5
35,2
23,54
29,64
32,56
40,9
28,66
22,33
27,19
11,57
32,58
21,43
35,39
13,51
39,60
49,3
26,36
48,54
39,17
7,23
16,39
43,34
46,17
41,62
27,27
1,75
14,47
50,46
33,10
17,71
23,68
4,64
39,58
31,7
47,55
34,24
7,68
23,9
46,73
33,36
36,33
7,33
39,73
38,66
25,27
4,49
45,15
43,31
23,1
34,12
31,55
46,62
35,54
44,28
9,66
35,52
24,65
12,2
39,48
4,61
1,55
31,44
33,2
21,71
3,4
34,68
15,39
43,74
27,25
38,6
5,29
36,46
33,30
9,3
48,63
33,62
48,65
8,66
6,25
9,50
15,71
17,10
11,59
20,72
1,20
25,33
45,75
36,47
2,75
46,20
43,28
49,17
21,64
48,33
19,74
43,16
8,6
39,13
4,44
20,66
1,17
2,53
18,16
47,72
8,40
43,10
21,69
42,70
48,8
37,28
42,73
30,3
20,21
15,62
12,42
28,35
31,4
13,47
17,21
44,15
47,1
14,63
7,56
40,18
13,64
11,73
43,3
3,3
32,1
16,6
46,8
37,45
49,30
26,28
34,16
30,52
12,40
22,62
35,57
45,50
24,4
29,29
18,44
31,43
50,17
49,26
49,61
14,62
15,52
43,56
12,33
29,4
13,39
37,24
30,18
18,66
6,49
30,66
28,26
13,30
40,71
19,34
12,19
36,32
13,47
27,1
45,12
22,4
24,40
7,63
43,22
49,57
44,8
12,25
11,31
14,71
22,35
48,21
3,11
41,1
41,24
4,73
36,27
49,72
11,41
21,2
11,32
28,37
49,47
29,10
2,30
11,64
18,45
29,33
11,13
1,26
36,10
2,41
12,1
3,40
7,21
7,50
1,20
37,2
47,35
16,33
29,52
49,31
5,17
32,9
39,41
38,3
28,5
16,7
20,1
14,72
29,4
1,57
14,42
43,7
43,42
26,56
43,44
39,2
8,47
22,1
20,71
38,44
27,7
6,71
48,49
32,69
10,27
44,39
34,17
8,41
19,41
13,18
2,1
10,73
15,22
47,58
29,20
29,47
16,33
11,14
22,68
7,17
47,46
28,38
36,20
18,70
24,68
32,64
35,39
28,40
45,12
33,50
36,65
18,71
39,19
10,18
1,72
6,36
21,3
16,33
23,51
13,2
47,2
15,51
32,55
47,60
45,52
15,22
13,36
26,5
13,46
37,36
4,9
47,39
40,12
23,50
11,9
4,17
45,48
37,52
29,51
17,4
16,31
18,24
34,62
12,70
26,19
9,65
48,60
48,62
5,58
44,35
15,21
30,60
31,5
20,47
37,63
25,45
15,51
9,50
39,46
43,74
47,39
7,72
47,17
14,8
34,70
30,60
40,65
39,3
41,42
35,46
21,46
10,52
39,44
29,21
32,22
3,37
47,68
27,58
7,48
43,31
40,23
48,61
12,52
40,32
46,10
43,17
46,19
29,25
16,34
10,27
32,1
24,29
44,9
44,68
17,1
45,14
35,23
41,10
34,29
23,6
40,12
19,38
22,62
30,51
17,16
23,52
22,38
39,59
42,43
47,10
41,67
5,68
12,51
26,46
22,33
34,71
1,10
29,37
32,74
48,5
27,16
29,9
28,16
38,15
27,3
16,8
23,25
13,68
3,36
14,58
16,74
13,67
28,39
35,24
48,21
8,64
31,67
31,46
17,74
18,2
47,25
4,30
7,43
25,52
44,50
22,13
36,14
38,42
48,51
29,3
27,33
13,20
45,35
25,43
36,49
29,6
7,19
42,74
46,64
38,75
2,1
23,21
43,74
8,33
7,5
33,49
21,24
25,37
4,61
26,52
4,69
49,17
5,28
3,35
18,58
33,9
47,44
1,40
50,73
21,68
16,4
22,50
1,70
33,62
38,26
46,7
17,6
46,9
2,18
10,36
47,52
5,28
21,40
37,63
15,73
25,8
20,47
19,2
25,23
11,13
36,18
36,1
44,42
40,64
34,68
25,58
40,71
48,48
49,6
13,36
11,62
26,60
43,60
35,54
36,67
32,55
2,2
39,54
50,7
25,65
38,66
9,31
24,55
16,35
34,55
4,31
3,56
48,67
36,69
9,6
43,6
8,59
14,57
38,58
9,19
33,67
30,30
37,26
33,9
16,9
25,19
3,74
42,17
34,22
4,67
1,6
46,32
50,51
37,30
7,54
50,42
15,32
5,14
42,50
1,47
12,45
30,4
30,47
2,13
48,4
4,35
36,21
13,44
49,12
21,5
31,20
49,45
7,70
48,48
45,49
20,2
14,33
33,31
24,65
43,29
32,43
22,8
32,40
43,2
9,38
11,51
13,72
2,73
31,1
47,50
34,31
14,24
33,4
10,21
31,63
6,8
16,2
22,3
42,67
48,45
5,70
23,30
22,55
39,25
21,53
40,35
47,15
36,18
15,10
23,44
18,43
21,26
20,9
18,18
27,75
7,56
3,25
29,55
48,67
44,69
14,65
44,70
3,49
8,10
16,15
37,53
22,28
13,39
27,9
50,24
19,41
40,32
28,5
21,46
32,74
14,32
13,41
16,37
36,37
16,57
49,18
47,26
13,33
16,51
4,5
11,64
45,43
28,56
4,34
19,75
12,41
26,24
46,25
23,67
4,59
41,4
41,19
18,11
31,34
9,10
38,56
28,43
40,33
27,52
50,43
21,21
7,24
26,32
37,46
22,70
49,32
31,22
13,12
2,48
11,31
7,47
14,18
12,37
1,71
27,37
40,58
45,38
19,40
47,38
37,71
21,1
2,19
8,25
7,19
16,47
20,68
24,45
23,60
1,67
4,3
21,59
4,71
7,16
26,9
47,55
12,41
46,21
50,10
30,3
4,68
19,57
32,69
5,67
16,24
3,43
27,3
22,53
27,48
47,7
6,72
41,1
17,45
20,64
50,15
31,24
11,73
41,13
34,50
8,13
43,19
45,16
4,28
10,16
7,15
38,28
11,38
47,10
5,28
22,3
26,19
45,9
36,56
18,42
11,19
2,65
24,57
13,65
3,46
47,73
20,15
37,61
22,19
6,54
3,52
4,23
12,9
33,45
18,59
26,25
1,48
50,66
9,68
45,34
13,5
4,37
22,35
33,25
27,7
35,36
32,48
26,40
9,56
32,27
6,49
26,22
6,46
48,57
11,65
32,41
18,51
24,74
32,45
44,59
24,25
4,20
5,3
36,29
7,34
35,32
14,41
17,46
28,60
19,62
26,67
6,50
23,12
6,72
9,40
46,44
43,64
45,59
29,20
10,6
45,43
32,58
9,17
14,62
17,65
22,63
12,5
14,44
11,31
41,71
46,58
11,45
27,9
29,33
33,42
2,23
30,23
47,71
14,27
26,18
45,23
31,24
6,6
18,61
29,23
29,12
23,20
8,10
19,3
12,4
33,63
8,59
41,10
13,70
7,25
16,65
46,43
3,47
8,67
25,35
38,58
43,27
50,66
43,26
8,60
29,18
7,35
30,5
8,63
26,73
42,33
34,19
50,54
13,67
11,41
50,37
28,57
15,67
49,61
40,71
14,68
39,26
39,7
37,34
49,75
24,23
20,40
32,25
5,47
19,21
32,73
7,45
41,7
35,28
9,53
4,26
3,42
35,70
33,26
24,68
50,60
46,17
4,52
6,2
7,73
40,28
22,40
16,24
40,14
27,52
21,27
15,21
46,10
14,62
42,53
34,57
7,36
15,63
4,68
27,9
50,50
12,15
46,54
45,40
13,29
8,36
41,60
25,48
26,48
16,71
22,21
10,33
16,3
12,73
12,37
13,67
34,32
36,56
6,7
18,15
12,56
30,34
28,15
48,26
49,50
16,33
30,44
35,53
24,61
45,67
25,70
15,57
8,20
41,29
5,57
26,33
14,9
36,52
35,56
45,9
4,67
50,44
9,61
15,7
36,75
14,24
10,36
36,24
23,63
16,22
19,43
13,17
8,67
9,36
44,2
1,55
46,59
41,46
47,54
29,26
49,55
34,8
24,15
12,60
21,31
12,65
22,46
37,38
33,58
22,22
32,62
11,53
50,42
21,32
34,8
20,56
13,73
16,50
46,11
38,72
33,29
3,35
40,12
15,24
2,23
48,12
15,22
36,11
26,72
6,69
40,61
6,24
2,37
31,36
15,7
30,38
1,36
32,20
39,57
46,62
14,8
20,29
8,17
24,73
13,13
8,72
2,64
8,64
13,56
23,23
28,61
2,72
36,34
8,61
33,34
19,57
3,23
32,53
22,56
9,60
1,48
11,9
47,49
25,13
17,60
1,3
16,46
14,36
4,32
34,53
5,50
16,61
40,31
46,55
11,35
21,39
29,49
15,69
30,69
2,4
49,74
24,64
23,26
22,33
1,13
32,1
4,35
36,27
16,31
16,40
38,57
48,65
20,37
23,51
17,28
44,13
20,47
37,8
10,36
18,34
49,37
36,5
42,31
22,9
47,71
30,14
30,38
16,16
2,47
24,72
45,58
6,49
15,35
31,34
37,47
9,64
3,65
28,20
3,67
2,74
3,26
37,29
39,53
29,67
16,40
4,43
1,30
29,15
19,5
39,28
40,74
20,24
39,56
7,55
48,4
9,12
30,36
46,42
2,55
44,44
45,55
8,16
28,45
43,50
16,28
45,74
6,51
10,5
48,32
31,3
29,64
48,20
18,69
50,40
25,1
8,50
10,15
24,5
43,14
39,14
45,36
22,44
9,15
3,69
14,64
31,46
6,64
1,4
40,67
43,48
31,24
9,23
11,18
40,69
10,11
12,58
33,33
7,8
22,28
5,12
44,6
13,49
21,42
28,26
10,33
14,72
17,10
29,44
16,10
19,70
20,11
36,11
32,63
48,51
36,69
32,32
40,53
39,40
4,40
45,50
35,34
37,58
43,21
23,40
44,42
41,22
50,13
38,55
18,9
1,44
30,66
33,21
41,64
8,47
19,3
27,59
13,54
13,72
21,72
15,27
20,33
40,11
6,26
22,48
48,4
9,72
26,24
4,61
41,34
49,1
6,62
9,64
2,3
3,21
46,61
16,31
42,51
10,13
4,38
9,35
21,39
35,24
43,43
14,70
33,33
8,73
50,21
12,43
14,72
6,7
15,13
37,11
37,58
7,64
7,68
37,23
15,38
30,45
7,64
50,36
39,9
32,36
34,27
22,41
22,47
45,10
20,7
9,19
40,42
30,7
22,32
41,57
36,64
34,37
35,49
22,32
49,48
17,14
27,19
24,29
18,44
21,39
1,46
46,16
17,26
40,44
14,67
2,26
16,66
39,62
34,71
44,60
10,36
8,58
39,75
36,42
4,15
38,64
1,22
37,7
48,36
9,26
43,64
8,6
30,74
44,50
24,50
36,31
37,47
17,41
24,11
23,25
32,19
26,6
8,15
16,2
7,52
44,16
39,39
48,25
16,6
9,59
7,5
4,32
25,26
7,30
49,16
32,61
2,63
36,45
17,7
47,31
34,64
27,60
40,38
32,16
34,75
11,30
49,51
10,43
9,8
29,61
4,70
3,71
3,5
10,71
41,27
50,18
7,57
6,22
27,22
32,75
36,69
37,73
50,18
42,27
33,12
22,19
26,10
18,56
40,45
37,55
16,53
21,24
1,74
14,17
29,68
3,66
24,45
5,12
10,7
48,63
12,62
15,49
47,57
37,1
21,28
25,71
29,68
34,2
26,31
49,75
49,47
40,56
6,41
39,69
2,15
28,53
32,68
26,38
21,57
20,20
13,20
40,15
21,8
16,44
46,6
32,59
7,72
44,46
2,41
28,29
49,62
49,17
41,60
16,50
20,14
31,58
2,53
38,53
42,46
17,1
12,16
50,72
29,58
29,52
2,68
24,65
11,1
14,34
15,44
20,47
40,49
9,56
24,66
38,32
11,13
40,33
11,41
8,59
41,1
34,4
11,47
32,38
36,56
29,2
22,23
21,19
11,54
11,44
2,20
25,52
1,12
24,66
6,3
33,50
43,38
32,22
46,26
21,14
1,51
2,55
16,56
50,69
38,41
11,38
17,44
38,43
27,73
2,6
8,58
20,51
6,68
9,70
35,10
17,66
16,3
28,26
12,57
20,21
8,42
7,44
42,11
17,21
38,5
39,71
16,25
2,20
15,27
32,31
29,6
12,47
11,26
10,24
1,31
18,58
30,57
46,45
33,62
43,72
29,67
9,47
19,30
28,74
1,23
3,66
7,74
36,7
17,38
19,37
48,1
13,26
36,75
19,43
21,33
31,36
26,51
42,51
45,46
14,61
40,16
16,54
18,36
32,46
3,63
14,11
23,28
1,43
32,63
46,28
2,75
29,44
35,45
19,35
8,3
10,55
12,43
35,57
36,41
50,19
19,57
27,44
9,36
2,10
34,20
3,5
35,68
40,60
32,55
2,58
6,13
23,2
33,41
46,67
34,20
43,8
43,51
50,21
24,75
21,17
29,18
40,67
50,9
2,25
40,68
6,74
26,18
7,15
16,39
47,48
28,11
23,32
21,71
12,2
46,39
17,49
16,61
10,65
19,43
2,41
26,45
6,59
8,66
30,46
27,60
49,72
4,59
34,33
40,29
24,4
45,1
21,21
29,35
34,53
2,21
42,55
25,30
7,73
3,51
14,41
18,46
25,9
27,29
29,41
7,58
5,75
5,74
33,38
9,63
11,51
11,67
29,20
49,19
24,52
34,54
20,9
6,71
35,22
26,24
37,14
45,10
29,21
10,63
32,38
38,47
40,16
24,45
17,36
2,18
7,23
46,67
44,32
19,73
44,12
15,28
50,65
5,3
40,7
16,23
4,11
31,73
47,4
46,14
33,40
32,17
13,22
9,33
14,75
13,11
45,17
48,37
11,29
32,71
6,33
41,18
9,56
8,75
35,71
48,63
26,16
17,27
27,5
7,54
35,50
38,60
43,13
21,65
10,9
38,42
22,74
3,16
37,30
3,38
7,14
37,25
3,31
32,53
45,46
49,12
13,69
13,35
34,1
20,75
17,23
41,45
10,30
21,41
8,9
32,10
1,47
30,39
46,32
38,33
27,54
49,44
8,46
15,39
37,45
27,54
1,5
9,63
19,12
8,49
50,8
28,59
49,63
8,49
17,56
28,20
14,72
24,47
17,17
23,44
5,68
41,42
29,69
7,71
23,57
8,58
14,8
22,33
9,14
31,23
24,50
10,74
3,21
23,5
31,42
25,11
36,43
28,8
15,75
11,4
36,15
11,44
31,59
50,13
26,2
23,12
31,11
7,34
36,63
26,23
24,6
18,68
13,75
4,54
28,25
8,14
49,43
30,20
23,46
20,20
15,22
28,44
5,26
27,43
22,8
20,35
24,68
30,48
43,24
17,46
36,20
31,14
44,22
10,4
28,65
50,8
23,19
1,15
27,58
41,68
23,38
14,35
47,53
35,6
50,72
21,11
15,59
28,3
34,27
36,61
9,38
1,44
6,23
1,18
45,30
6,8
26,32
8,17
50,12
13,13
30,8
4,44
23,64
41,51
36,74
26,13
3,75
38,73
25,53
18,48
35,36
10,45
43,24
32,65
32,25
3,39
6,41
12,5
22,33
7,20
25,26
27,68
44,71
2,39
35,14
37,22
41,46
24,9
46,36
37,11
11,72
2,29
47,1
3,39
38,52
27,5
29,7
8,27
48,22
36,69
14,9
10,35
31,57
35,38
4,9
8,72
35,74
3,40
16,12
49,65
45,40
39,75
33,51
36,54
23,10
9,48
39,62
44,7
39,44
39,14
16,42
23,48
28,44
19,44
3,47
3,60
16,64
2,57
18,14
41,70
3,74
3,71
48,39
10,66
6,72
38,55
19,59
28,25
4,10
23,5
16,10
34,63
5,29
16,69
40,10
37,45
39,64
8,25
26,39
35,3
20,38
24,7
44,24
21,41
15,53
34,18
37,56
32,69
16,17
43,43
10,22
4,75
11,13
49,41
33,17
42,43
23,33
35,61
34,44
48,59
49,59
31,8
23,39
44,2
11,18
2,21
33,9
42,8
22,36
44,54
18,67
45,6
44,9
40,23
4,63
13,55
14,7
31,32
34,73
28,53
15,72
17,32
11,42
46,25
30,44
19,15
36,19
22,7
45,42
13,26
37,43
48,29
50,23
1,44
26,31
22,35
47,13
21,30
28,36
44,23
11,35
36,37
23,5
1,2
33,40
27,9
37,17
50,55
50,71
22,68
28,26
42,14
7,69
14,41
42,4
27,31
35,71
7,20
44,36
47,70
15,75
47,74
44,25
37,54
10,51
20,47
3,73
39,65
32,39
18,40
40,36
9,46
1,10
22,60
5,54
44,40
1,39
31,42
21,64
16,62
10,42
18,13
33,68
19,55
9,21
32,27
7,30
7,62
41,25
49,57
45,71
32,36
41,66
31,40
18,16
23,59
11,40
18,18
6,2
48,9
39,54
31,62
5,39
21,46
20,60
37,7
45,42
46,20
47,67
18,59
15,63
19,73
41,64
8,45
3,67
36,60
19,65
50,15
16,61
19,22
24,1
8,42
24,28
46,49
31,7
16,17
33,13
42,70
17,49
1,19
19,61
28,38
5,71
36,2
29,55
48,10
26,6
16,21
35,62
25,33
48,38
49,74
30,37
8,15
2,5
43,50
41,10
46,50
24,49
23,40
33,66
5,67
7,14
36,45
43,42
13,39
8,43
16,67
42,43
46,47
41,39
50,38
44,22
16,29
8,50
41,3
19,73
39,5
21,8
42,31
39,42
17,36
41,26
26,18
42,3
42,67
37,64
37,11
45,44
1,65
44,25
22,16
38,16
8,14
40,18
24,56
37,39
43,19
9,39
35,41
39,7
28,10
42,70
15,40
13,48
10,62
5,74
28,33
6,11
37,46
10,25
23,45
29,7
8,18
50,36
49,28
46,35
5,59
39,24
19,62
46,47
47,13
3,49
33,57
49,31
7,3
40,6
18,33
33,73
28,57
39,5
27,58
34,62
47,48
45,58
34,60
39,69
36,44
21,21
27,69
23,31
14,45
17,70
29,63
6,50
7,62
38,47
3,64
5,13
26,18
37,1
43,16
38,26
14,66
19,58
2,28
22,49
16,28
41,70
22,55
12,7
26,18
32,64
2,12
43,65
25,18
39,23
10,33
28,5
43,75
34,54
24,27
32,58
20,9
16,53
3,13
37,58
50,49
25,47
29,68
16,9
1,39
15,60
30,11
23,66
41,56
5,33
4,40
32,13
31,65
23,70
42,13
41,24
26,1
15,42
47,70
25,72
35,42
35,72
4,62
9,19
34,34
44,23
5,22
36,35
1,26
1,53
23,29
14,64
36,73
15,44
42,68
47,68
13,10
37,39
43,51
5,60
35,16
14,30
15,38
12,17
15,63
27,46
46,60
26,25
14,64
13,8
28,45
21,57
26,74
4,72
28,15
32,27
12,16
1,18
6,67
29,15
37,5
15,1
19,25
49,34
32,32
13,75
21,75
13,8
40,38
45,23
23,22
34,8
11,14
19,53
39,21
11,30
14,5
19,36
16,31
20,15
1,47
17,11
48,47
47,19
49,70
23,46
50,20
38,34
21,14
40,15
48,21
34,27
11,65
37,28
32,59
40,29
7,53
15,63
49,40
9,44
13,10
38,65
41,46
20,2
16,70
4,10
31,15
12,56
48,73
47,7
46,44
31,14
7,6
25,23
49,70
25,66
2,17
48,63
27,62
28,46
24,53
3,53
36,50
38,70
24,42
45,75
31,6
34,51
26,43
37,56
6,7
3,29
23,16
6,31
12,30
11,10
22,24
32,16
26,69
25,36
16,42
43,31
2,37
14,72
27,22
17,73
5,61
25,29
33,51
13,38
28,27
35,6
18,58
29,22
23,36
8,44
5,19
22,43
13,49
18,72
47,12
44,72
4,20
2,47
42,19
28,64
34,74
46,72
43,59
4,21
46,74
26,5
7,56
45,64
20,70
7,75
17,23
29,31
25,56
1,7
37,72
23,15
46,24
47,8
17,35
36,35
30,5
2,72
33,61
42,25
19,14
13,68
6,43
26,27
21,39
24,9
39,74
27,73
27,24
8,62
41,59
26,69
12,51
21,21
14,47
38,52
46,51
36,43
36,42
5,27
40,43
35,62
1,45
35,46
27,5
21,26
34,1
26,45
34,25
35,33
9,19
5,59
38,59
11,8
14,74
14,74
11,60
1,19
5,53
46,48
50,60
38,16
11,32
2,68
9,9
46,29
44,50
10,42
25,69
4,18
20,45
17,42
40,34
7,66
50,20
26,73
21,4
23,28
25,66
29,26
38,23
47,12
4,67
6,42
31,35
38,13
32,52
13,29
24,15
21,58
15,12
46,69
30,71
49,62
11,63
4,47
17,55
25,8
34,14
24,69
17,44
14,40
26,26
17,55
41,5
46,23
23,61
3,45
19,2
28,11
46,21
17,58
21,10
42,68
11,12
36,21
37,38
22,54
45,30
20,20
30,18
1,11
47,57
9,40
35,68
36,49
32,25
50,5
13,38
7,29
26,34
27,50
18,47
29,72
20,26
36,74
32,23
28,51
14,15
43,49
49,24
11,24
22,6
33,30
25,28
24,30
14,2
38,12
36,27
40,23
10,16
8,26
10,55
2,25
40,25
40,4
33,37
21,15
12,17
12,21
49,14
23,1
44,24
36,46
28,30
49,69
20,41
23,57
9,66
6,53
3,25
31,14
29,32
38,59
31,42
47,37
7,40
17,1
38,10
24,67
1,33
39,29
18,66
33,8
2,50
2,27
6,40
12,49
29,22
22,34
29,71
50,75
24,36
40,66
11,35
1,4
20,18
35,47
28,18
41,53
39,48
38,71
27,43
20,45
15,52
23,35
36,3
16,6
22,59
46,67
5,60
45,43
33,74
48,66
43,47
5,25
24,55
35,70
10,5
23,68
5,16
29,40
1,41
17,28
46,47
10,58
16,71
31,74
38,14
15,42
31,39
38,51
30,9
1,73
18,29
45,29
17,2
41,67
11,27
28,9
33,44
48,18
22,26
1,40
6,53
10,1
39,69
15,43
23,68
47,68
28,28
2,41
37,61
22,23
7,55
39,30
32,14
46,3
28,39
12,20
6,36
43,49
10,67
31,32
37,18
22,23
22,49
29,21
29,32
26,48
45,53
20,29
47,60
19,45
50,20
1,71
34,52
40,6
26,29
18,64
10,2
29,68
15,35
49,74
31,48
24,11
1,46
18,30
4,36
36,31
26,2
22,36
11,38
32,56
43,38
38,15
4,50
22,67
7,37
5,36
42,30
50,28
40,66
46,5
17,31
50,4
34,71
17,14
30,9
35,61
42,18
7,8
44,21
3,28
9,36
14,44
20,18
29,9
2,5
34,26
29,43
21,35
26,54
27,11
17,19
15,2
41,22
33,45
14,68
25,40
41,42
45,64
7,31
33,32
18,17
8,40
22,26
12,20
41,51
30,13
38,69
2,70
10,19
40,8
30,74
42,10
29,12
27,2
34,43
17,8
3,8
40,8
5,57
30,35
3,29
39,46
16,25
39,68
26,73
34,66
32,42
42,28
19,3
48,22
41,16
30,19
18,38
6,49
7,71
42,33
34,25
3,17
11,18
42,19
19,47
25,53
46,34
24,38
14,31
37,5
41,23
32,64
40,40
14,61
12,11
39,44
8,18
11,24
26,46
9,12
11,53
46,15
36,67
18,68
2,46
19,55
11,57
32,28
35,16
22,51
49,1
2,18
44,69
28,51
12,12
50,51
13,44
43,8
20,34
7,68
10,28
40,47
39,4
19,30
31,64
32,24
9,37
10,15
34,52
17,60
17,50
33,66
31,52
24,48
46,40
50,18
4,40
25,45
12,31
24,62
28,13
4,30
27,52
26,57
20,50
22,53
6,25
29,40
36,68
1,6
29,55
25,6
44,30
12,49
50,45
49,20
11,39
13,13
30,20
18,70
10,55
13,19
6,21
7,57
48,73
45,25
20,29
13,62
35,1
27,10
23,65
39,61
35,13
25,45
4,31
47,34
28,7
45,63
25,19
49,44
14,37
35,3
36,49
44,63
13,33
24,45
37,17
24,25
48,34
28,71
40,40
34,42
2,33
39,24
25,32
17,34
2,71
44,73
9,55
6,4
15,50
18,48
47,27
36,26
31,43
45,4
35,3
40,56
41,11
1,20
44,42
17,63
6,3
29,60
18,39
8,17
18,38
32,10
10,3
31,51
37,33
36,70
27,22
38,75
8,10
8,4
37,63
9,56
17,38
27,67
40,69
50,7
21,50
36,15
20,51
28,59
26,25
27,34
43,31
15,62
15,44
33,17
19,8
25,38
17,68
41,52
26,55
45,61
22,47
26,67
30,42
30,36
29,29
27,31
15,54
46,70
11,54
31,16
14,58
37,24
8,15
43,38
44,66
14,60
22,55
1,17
45,32
12,55
50,13
33,75
29,7
11,47
50,67
24,60
7,51
27,51
45,16
37,30
36,7
31,53
6,56
49,44
36,52
2,60
24,66
12,9
6,56
38,6
50,18
26,74
20,36
34,57
10,26
17,51
35,64
2,68
28,72
45,62
6,48
47,24
43,52
17,20
23,32
29,12
24,50
20,36
29,49
16,48
5,17
20,28
18,27
6,48
43,25
29,13
43,69
48,28
16,16
7,54
8,31
15,58
39,14
11,3
23,42
17,68
32,19
38,67
13,42
48,37
30,53
21,10
43,31
15,41
35,3
9,28
26,45
25,52
47,46
30,14
8,6
9,22
1,51
27,46
9,6
6,57
13,48
7,34
50,14
47,28
45,51
17,32
20,73
20,4
38,5
48,48
49,59
18,39
27,10
6,14
45,52
19,48
47,31
6,66
24,4
35,57
35,17
15,36
38,58
45,4
15,37
43,9
6,36
40,36
15,47
47,64
4,56
25,16
15,53
25,74
43,39
29,54
19,16
48,56
25,66
39,57
12,6
45,30
42,20
26,34
31,49
30,64
7,64
35,72
37,7
9,3
14,69
10,58
46,11
38,68
27,4
50,31
43,13
31,75
43,7
19,3
10,4
19,16
46,54
30,40
27,75
1,30
36,55
25,25
44,10
25,52
27,46
46,43
33,14
50,72
12,53
6,49
36,11
43,18
28,75
43,15
28,17
19,41
3,45
36,10
34,23
6,54
31,52
26,44
7,60
28,55
36,48
15,63
45,27
34,42
45,20
39,67
14,22
7,23
12,29
26,6
24,66
14,70
30,29
3,3
32,21
5,57
23,10
24,70
47,41
32,53
46,12
12,32
27,17
23,24
29,16
18,57
14,36
13,63
18,28
13,39
16,49
47,47
8,1
22,11
41,16
20,52
37,62
8,25
33,64
21,28
47,56
24,32
47,26
25,73
44,48
29,42
16,10
20,20
12,47
14,39
40,24
25,27
42,50
1,35
17,70
10,38
48,66
30,43
10,38
35,62
27,35
14,14
33,62
20,47
22,67
6,2
30,68
29,47
13,9
30,21
17,2
33,71
23,5
31,32
28,63
4,54
47,34
49,25
2,24
36,1
14,31
2,33
42,13
47,4
16,73
17,6
46,32
25,39
41,25
37,45
12,72
4,45
41,29
5,11
47,19
30,70
20,45
1,70
50,16
6,21
7,42
6,44
26,1
41,39
49,36
26,53
29,9
40,24
17,33
32,34
4,59
7,5
20,30
34,25
21,42
26,46
11,35
23,51
42,38
5,61
29,44
9,35
38,66
18,22
41,52
31,43
29,51
10,27
21,5
10,9
17,37
5,31
48,68
25,9
34,9
24,63
17,62
44,37
31,51
16,38
3,30
26,55
48,72
2,41
14,9
13,59
16,74
24,7
25,58
25,64
20,18
31,53
12,58
12,57
41,53
37,56
38,53
4,70
49,28
23,1
44,71
43,42
43,53
27,27
18,59
50,65
10,36
6,61
39,61
26,14
37,21
37,43
19,39
2,46
47,41
6,10
16,37
50,34
20,5
43,40
13,66
21,2
36,66
29,21
30,20
8,13
44,20
15,44
11,21
10,26
34,70
22,61
34,66
28,52
25,50
21,54
49,74
48,64
44,54
43,38
48,57
2,51
20,72
14,4
11,30
13,9
44,39
44,25
23,46
18,64
17,66
40,70
43,33
11,67
17,33
36,38
22,52
20,69
46,57
21,54
30,38
25,8
21,23
42,34
6,47
21,21
18,1
9,6
49,8
42,72
38,30
37,59
35,57
35,15
7,72
22,52
10,48
13,63
20,53
26,41
30,57
39,54
2,34
8,31
26,24
48,61
47,34
49,16
39,53
21,51
30,48
17,13
10,54
5,54
39,26
35,21
30,22
19,75
32,1
38,19
31,22
35,61
1,47
39,56
34,3
3,52
15,63
48,72
22,45
26,25
19,32
33,13
32,52
11,49
5,74
30,58
49,13
4,24
48,39
9,43
48,26
3,55
15,1
50,57
17,31
29,2
25,32
45,14
33,39
10,25
21,10
33,52
23,22
37,9
39,49
1,69
22,71
20,2
19,69
45,46
35,35
16,52
21,43
14,41
15,67
34,33
17,63
9,62
35,27
15,75
15,66
50,52
21,50
30,42
2,65
41,56
32,44
32,71
41,73
15,66
2,14
42,67
50,44
30,45
39,43
17,2
32,68
17,62
24,47
14,56
50,54
26,33
4,70
41,56
11,17
1,54
4,31
49,9
3,7
36,62
4,74
39,36
27,59
6,56
13,61
24,15
35,42
45,23
34,30
41,4
39,64
20,42
29,47
48,16
47,17
39,30
46,35
34,75
47,3
46,23
41,5
25,31
39,61
2,39
27,51
22,50
14,50
3,18
30,18
46,69
42,68
41,3
2,6
15,18
45,67
19,48
25,39
12,54
18,74
40,57
30,34
35,20
40,9
6,19
21,33
21,54
7,75
24,69
13,35
20,52
27,59
32,48
16,61
9,57
22,26
45,47
23,11
16,29
11,43
13,68
49,3
42,35
25,50
25,37
3,25
24,68
30,8
12,61
41,5
48,74
48,27
42,5
28,59
14,75
35,7
35,52
11,37
37,37
48,13
7,49
16,52
36,8
44,74
2,27
46,38
29,12
31,21
48,46
11,58
46,54
20,38
40,72
32,58
35,8
19,56
43,49
47,23
34,20
32,56
10,43
38,69
5,15
26,41
4,71
27,9
15,14
13,32
13,62
45,57
24,8
15,71
49,12
32,70
12,23
31,53
49,35
29,27
49,36
21,46
22,7
35,57
29,20
23,51
20,38
3,65
19,67
14,7
14,61
48,71
28,45
16,59
17,63
8,62
31,69
23,59
21,22
17,29
21,41
19,55
36,73
28,55
13,56
17,7
10,38
4,13
27,36
3,64
39,70
21,56
6,48
4,36
3,21
23,6
28,67
34,55
22,17
12,44
3,45
27,45
25,5
32,9
42,21
12,71
12,36
31,37
7,48
31,6
45,5
34,73
15,20
27,23
42,27
38,24
12,36
40,13
20,62
13,4
50,72
33,59
2,38
43,7
15,14
31,60
31,13
35,74
47,42
15,18
27,26
15,36
27,70
36,57
34,33
5,23
20,43
4,71
22,67
47,60
21,34
1,48
38,72
36,6
40,62
13,64
27,1
26,50
34,13
12,9
41,8
21,64
5,23
20,3
5,57
29,3
31,38
42,7
16,49
37,44
11,48
49,65
10,19
39,30
3,31
14,20
33,62
50,24
2,14
28,34
28,51
50,3
13,16
12,3
9,33
18,2
22,50
46,13
7,42
33,64
27,1
50,52
24,23
20,61
26,40
3,11
6,22
2,41
33,70
30,75
2,55
12,47
3,19
42,75
46,62
9,37
27,53
46,42
35,23
29,72
42,32
27,49
20,16
46,12
32,28
27,15
48,50
42,61
39,27
32,17
25,30
45,51
18,43
31,30
19,36
43,26
19,49
9,45
10,45
13,64
17,51
19,42
15,74
27,66
45,8
40,26
34,26
24,33
27,65
15,62
30,39
39,12
27,14
42,24
25,17
32,14
6,59
45,61
2,26
20,28
2,56
26,22
35,38
34,3
9,56
4,25
15,32
13,62
46,16
2,9
8,17
20,50
24,45
12,68
23,50
21,15
24,70
40,64
1,37
24,2
26,61
7,57
8,22
45,53
26,5
46,61
16,21
11,61
19,64
41,8
14,58
29,39
17,66
43,28
32,31
42,32
38,1
30,27
5,48
26,14
36,41
20,30
38,45
44,15
36,75
25,12
34,28
38,56
12,47
22,22
22,40
4,9
13,37
4,24
35,66
36,56
18,48
20,56
20,15
39,55
50,50
34,48
47,51
38,29
13,64
7,36
10,16
38,14
24,21
8,20
27,43
26,63
14,57
41,3
49,1
18,3
43,53
16,58
44,33
10,43
38,53
3,63
38,19
27,11
45,17
14,9
3,38
11,32
8,63
19,13
44,54
20,19
25,7
31,38
46,74
16,3
5,44
26,63
26,52
5,2
11,50
8,57
37,19
50,27
25,66
31,3
4,2
36,3
15,61
17,50
32,3
12,69
46,19
2,36
50,28
46,36
38,27
48,16
28,49
27,19
5,20
1,3
19,22
49,6
44,36
27,54
18,33
19,14
22,19
43,37
12,40
19,10
49,12
15,54
3,38
25,50
14,7
29,29
2,15
28,47
14,72
30,39
42,15
7,24
49,59
39,24
40,3
2,43
46,66
4,17
50,20
2,29
50,67
22,20
44,1
8,19
35,18
11,21
47,64
15,58
2,74
37,21
37,13
44,19
3,75
24,12
7,25
32,1
47,17
26,71
39,65
23,73
32,39
31,41
42,57
33,4
30,22
10,1
27,57
33,62
1,15
11,66
27,75
7,28
31,16
18,54
17,27
1,12
27,58
33,16
28,25
22,23
18,32
29,63
8,47
25,14
29,53
47,43
34,43
22,48
20,19
47,47
21,71
36,18
15,3
24,58
6,33
14,52
39,68
27,9
22,23
12,74
37,14
7,49
22,34
25,73
17,1
41,24
20,61
45,31
35,26
28,9
8,55
4,11
22,18
41,57
2,25
11,8
1,72
45,18
41,6
41,64
27,38
22,8
31,72
16,73
1,10
21,7
38,9
42,75
6,75
11,14
32,56
47,1
41,55
15,33
46,50
31,47
27,54
29,49
15,73
26,37
47,63
38,68
46,9
18,68
7,68
7,61
44,47
11,60
29,32
15,68
33,66
3,26
27,60
28,3
28,13
36,11
24,55
13,61
50,3
6,53
19,30
15,1
27,61
38,69
26,59
5,65
34,47
42,5
40,31
19,8
28,24
18,73
10,74
17,11
19,31
41,41
17,45
27,20
30,4
41,54
3,49
27,58
5,64
24,64
46,14
1,43
33,1
7,5
3,25
42,42
25,46
27,8
49,42
28,6
6,43
24,56
31,50
3,69
40,44
44,26
26,36
12,15
20,19
45,25
23,35
11,20
11,19
12,34
6,33
41,41
16,31
38,25
36,21
48,75
48,17
14,35
23,36
3,1
19,27
36,55
34,17
31,49
18,17
27,28
22,46
41,27
40,26
3,9
37,69
25,9
15,67
19,18
10,57
41,56
10,18
4,57
36,6
44,7
40,9
49,37
38,45
29,26
21,70
34,9
22,71
15,35
44,46
22,59
43,29
23,46
22,60
9,15
27,5
33,53
24,72
16,46
47,75
19,52
16,3
41,20
5,53
16,20
47,47
45,9
32,6
12,32
33,28
4,72
22,29
41,28
14,73
32,37
32,51
27,66
12,57
24,62
29,15
27,55
25,68
13,69
9,41
4,31
37,68
48,43
47,32
14,71
11,34
49,9
4,62
32,20
5,2
45,67
31,31
43,35
43,25
24,40
7,68
10,56
46,18
38,55
37,72
47,60
25,41
31,9
11,31
34,50
14,1
42,12
33,14
40,24
3,38
36,46
49,56
41,24
13,18
11,64
4,69
27,11
5,7
21,6
41,56
12,34
34,60
13,10
4,4
5,55
22,34
34,17
13,25
42,56
37,22
43,74
11,62
31,27
24,52
4,43
39,55
26,23
14,21
47,13
25,52
13,16
8,36
21,47
13,24
45,57
13,50
18,39
45,20
12,64
10,69
33,29
50,39
49,54
47,29
48,73
21,51
13,3
3,49
42,55
21,74
6,11
40,24
17,9
20,75
21,1
2,6
49,44
2,65
12,48
26,53
35,66
19,70
18,43
20,24
24,19
22,38
22,17
41,39
30,51
10,64
17,71
49,71
47,25
36,52
50,14
22,15
12,54
15,18
39,66
49,57
36,6
27,13
30,40
33,56
39,40
14,42
23,50
19,57
46,33
50,3
44,54
16,22
41,18
15,55
47,43
37,54
36,33
7,20
21,61
18,31
34,73
46,35
46,66
38,43
17,40
17,26
45,70
45,1
38,19
18,27
13,69
41,17
40,43
43,1
27,10
18,8
4,45
18,68
41,64
19,72
24,55
20,31
12,29
42,58
28,10
25,13
23,75
8,58
8,52
34,27
1,56
2,17
9,19
14,23
30,75
10,69
44,30
45,40
27,30
50,32
37,7
24,30
32,15
33,7
22,44
38,9
10,2
47,55
35,14
13,74
6,40
10,42
48,45
15,5
6,48
12,57
36,20
32,71
14,48
30,74
30,14
43,75
13,6
37,65
23,12
42,27
8,1
15,16
45,69
23,3
46,44
49,61
18,75
21,70
20,1
23,5
30,20
20,70
34,15
16,66
44,33
31,73
40,67
30,53
48,32
3,28
10,42
5,2
11,4
33,20
33,60
24,34
36,59
39,68
32,28
27,52
31,44
9,36
49,1
1,35
20,55
49,74
48,7
44,3
9,28
36,47
28,4
11,5
49,12
13,2
6,53
4,45
45,27
38,46
19,46
3,16
2,14
44,71
42,37
25,47
46,56
37,20
33,68
7,44
19,9
25,62
38,75
18,52
33,29
5,46
18,21
33,43
16,39
30,28
9,22
12,37
34,49
6,29
49,62
48,75
11,13
12,20
6,18
23,3
43,14
15,34
20,67
14,48
4,12
48,10
16,59
20,6
45,1
8,9
45,73
36,62
22,8
20,13
2,31
23,7
4,42
27,75
50,59
5,58
19,36
16,62
44,62
34,34
39,13
19,9
4,26
8,67
24,35
2,23
26,8
31,51
36,65
4,58
13,31
5,8
46,29
38,32
33,67
48,46
21,72
20,66
2,26
1,54
20,49
27,40
39,60
14,20
43,48
6,2
38,69
10,28
4,21
10,53
30,55
12,44
26,31
45,42
36,56
33,28
43,27
19,46
44,42
17,10
6,37
29,2
39,70
44,38
38,3
40,56
8,23
6,50
21,72
1,27
46,54
28,9
49,56
9,30
28,45
26,40
48,6
30,9
9,16
41,45
28,30
41,51
48,69
12,42
12,53
10,69
28,75
12,31
47,34
3,3
39,36
48,13
27,21
41,6
37,1
25,17
8,32
41,39
46,66
9,6
26,46
8,65
21,44
50,72
43,14
10,55
8,59
42,6
23,48
8,51
6,12
42,18
11,73
39,9
10,54
25,5
14,74
26,12
16,7
39,71
15,64
12,41
41,58
4,28
30,55
4,21
37,38
49,27
40,70
33,33
41,65
39,10
35,11
23,14
14,51
39,27
44,16
20,19
47,22
21,34
45,30
27,35
33,16
17,59
1,12
19,29
23,25
7,33
5,8
43,52
16,67
6,70
48,53
20,39
6,54
22,38
26,16
28,32
18,23
24,37
41,52
9,8
16,29
46,42
4,72
9,62
23,56
8,1
15,45
26,72
41,61
34,22
37,66
44,18
40,54
5,59
32,28
44,47
37,1
31,44
40,64
22,12
28,46
3,58
3,40
7,56
40,39
34,75
1,66
19,33
26,51
39,28
44,29
10,7
44,39
15,21
50,70
9,73
19,39
37,9
42,9
10,19
29,26
50,9
35,67
31,64
32,14
4,8
4,6
15,14
21,73
46,41
13,64
39,66
18,53
31,38
7,20
31,30
25,40
40,40
20,6
20,74
46,33
33,60
43,5
46,24
12,42
35,64
10,49
50,55
30,10
39,75
14,9
36,28
29,52
31,41
14,58
40,26
30,70
32,62
11,73
1,22
40,24
14,45
29,58
10,65
27,5
48,20
16,29
36,61
36,22
12,13
23,27
2,35
38,27
14,20
1,13
27,47
6,37
11,72
42,10
40,61
25,57
1,16
42,41
2,16
12,63
6,69
37,65
42,33
14,61
42,17
26,70
43,27
28,24
9,62
10,57
49,45
25,32
34,53
18,62
33,17
17,5
3,14
4,46
45,19
33,58
35,2
15,44
16,43
46,49
34,38
19,16
1,36
44,39
21,23
10,10
5,35
9,47
45,34
45,50
15,71
22,69
9,32
4,71
16,70
7,9
40,53
8,11
42,10
2,44
16,42
10,45
4,41
34,18
43,50
35,65
35,19
18,55
4,35
2,45
20,69
11,38
10,6
17,30
15,3
40,58
21,24
18,56
38,63
43,48
38,64
5,49
12,20
22,42
17,33
3,29
5,34
9,30
18,53
21,75
11,21
47,61
44,70
23,28
45,47
50,19
31,31
43,42
42,42
14,69
33,58
4,66
49,31
34,73
7,72
21,4
22,65
22,36
46,22
40,23
41,5
34,54
22,62
39,52
30,48
29,59
22,37
18,33
11,5
42,35
13,37
13,71
11,72
41,56
50,29
32,41
39,73
6,45
6,26
22,13
32,75
19,38
19,47
31,71
26,74
13,64
23,24
3,25
41,54
26,37
1,2
36,16
50,3
1,36
20,57
17,66
32,51
42,20
6,56
29,45
18,66
12,75
7,59
5,35
46,59
39,30
42,71
8,46
15,13
26,26
31,11
28,58
33,29
12,59
25,59
11,6
8,69
8,11
40,53
4,16
48,42
28,46
49,70
3,52
26,17
49,71
12,18
50,16
17,36
18,57
28,24
49,10
29,54
13,69
40,2
41,44
5,23
20,5
30,71
40,55
17,41
14,21
41,21
42,69
47,71
41,25
19,25
33,49
30,32
3,20
35,10
45,38
21,30
43,70
43,70
32,30
35,47
21,2
3,53
17,23
44,26
50,65
11,37
12,58
33,56
24,12
45,39
2,16
33,58
44,31
22,69
3,1
17,32
32,56
46,48
30,67
5,57
20,27
7,3
15,70
9,6
14,9
23,35
26,13
30,16
19,22
42,70
44,72
14,74
27,60
43,36
43,3
8,45
3,11
7,52
4,48
24,71
12,26
33,71
29,65
46,36
8,53
14,24
3,14
44,33
4,13
25,37
4,53
12,18
49,65
21,28
3,67
7,55
41,68
35,40
16,26
21,51
45,29
17,12
39,63
28,67
13,52
32,68
7,74
44,40
7,32
49,54
23,41
22,20
29,41
26,12
25,27
7,56
38,62
31,53
19,5
24,11
16,40
6,27
14,18
30,62
2,13
21,67
19,53
12,26
48,5
30,17
17,30
21,69
29,67
8,25
19,13
8,5
48,63
20,70
22,6
50,26
48,52
6,24
48,18
19,5
30,21
38,25
24,19
41,69
7,16
40,29
4,21
23,66
1,27
47,40
16,23
46,66
4,19
15,49
15,7
49,25
26,8
37,8
21,63
30,54
2,37
41,17
15,46
14,51
12,19
16,45
15,64
38,22
19,67
13,17
49,13
32,3
12,35
44,74
27,27
23,14
39,18
26,62
25,52
29,35
50,46
21,3
40,29
2,51
18,34
37,41
29,28
38,65
43,58
50,63
37,22
8,66
40,9
42,6
17,70
40,52
16,61
12,27
38,45
13,65
22,15
32,7
32,69
31,30
25,49
49,55
35,56
36,54
23,41
13,50
28,72
17,31
33,4
12,58
7,30
6,19
26,10
20,41
33,5
13,66
26,33
30,52
48,6
50,42
5,40
45,17
18,45
16,36
44,18
22,44
35,64
14,7
28,55
11,43
18,14
4,30
15,28
8,9
19,49
23,44
3,51
35,46
25,67
45,70
41,69
34,32
32,50
10,50
9,38
8,18
44,33
11,69
23,38
47,74
22,16
6,17
39,64
27,1
9,49
30,49
42,21
38,33
26,49
39,47
9,37
47,66
25,17
36,46
24,58
8,75
48,69
26,47
41,35
33,59
7,15
26,40
46,38
21,46
35,59
21,61
37,24
41,71
14,18
37,42
8,70
28,30
26,45
35,69
39,10
31,4
1,74
25,74
50,32
49,75
41,8
46,51
19,26
13,49
5,43
18,44
37,7
32,15
33,9
1,23
41,38
43,43
9,28
41,58
41,63
48,64
14,56
38,4
1,66
2,13
17,4
41,16
40,4
16,70
17,23
17,67
21,51
10,23
13,27
26,75
27,38
42,20
31,38
16,75
17,45
10,58
4,64
49,57
35,49
40,10
3,66
22,39
25,6
23,45
28,34
40,50
19,3
32,64
11,42
30,22
37,25
31,57
6,43
41,42
36,33
31,47
29,29
48,50
4,25
39,41
3,55
23,66
40,40
21,4
12,10
28,11
3,38
20,55
14,51
21,70
14,68
45,9
43,14
5,74
5,73
39,67
39,4
13,1
44,55
48,44
9,58
17,44
44,35
29,6
50,18
20,31
47,64
15,11
42,26
2,47
23,32
48,19
18,51
19,1
13,30
43,42
37,62
38,38
29,23
12,29
31,1
1,65
30,27
49,71
39,8
9,41
35,25
7,57
41,6
12,16
5,42
42,45
20,63
34,8
5,59
29,40
6,50
1,34
21,8
34,1
36,33
13,12
12,23
44,30
35,1
35,38
4,2
14,5
10,32
24,56
34,66
43,74
27,48
22,3
16,51
17,54
21,17
26,51
16,51
19,7
49,22
20,7
5,6
23,7
20,71
14,1
32,70
17,63
30,21
32,45
44,63
4,2
34,74
5,65
26,46
38,39
3,30
39,30
24,57
45,35
10,27
33,28
21,25
5,36
46,51
5,3
2,58
12,11
11,29
21,9
49,45
29,59
10,57
48,18
9,70
19,63
20,13
21,38
10,53
31,26
45,47
48,64
27,55
24,21
9,47
10,7
17,58
25,45
40,65
10,50
19,64
16,74
15,19
33,66
19,54
48,38
39,6
12,27
33,54
13,35
14,51
4,41
37,22
25,47
35,62
36,25
27,72
49,3
16,73
28,21
4,46
46,34
34,53
16,20
28,11
48,6
31,54
19,53
40,58
13,2
38,3
10,42
1,47
49,63
6,15
2,51
9,75
20,51
39,47
44,3
49,18
4,42
44,49
37,61
29,21
13,41
36,41
26,4
22,27
23,4
36,37
8,27
5,21
45,47
17,54
47,13
45,17
3,40
49,48
35,27
45,14
14,63
47,38
48,48
24,26
13,31
9,63
16,37
5,54
23,45
38,9
24,65
17,8
33,38
25,75
5,60
34,7
8,41
12,24
22,45
17,20
8,74
24,40
50,5
46,42
23,19
9,8
31,59
36,31
26,63
43,34
8,37
14,35
38,7
35,59
14,58
15,65
14,37
49,37
20,61
6,45
30,70
28,63
31,43
24,28
42,62
41,45
38,66
6,50
36,1
40,68
19,10
15,51
49,24
42,10
41,17
1,53
37,20
44,16
47,33
42,14
31,25
47,34
49,53
6,30
19,24
39,30
2,17
11,35
32,66
44,24
37,27
28,47
41,8
44,37
1,68
37,22
9,46
15,4
10,64
36,21
10,34
39,38
23,46
34,38
3,31
29,4
29,40
22,20
39,24
32,65
42,47
19,35
30,37
11,32
47,13
14,60
9,46
6,23
30,4
10,16
22,28
23,46
17,51
37,49
9,2
14,67
12,64
23,43
4,23
46,72
20,20
29,66
7,59
45,72
21,11
34,55
7,32
22,35
10,58
7,69
39,43
13,69
46,29
29,25
9,41
12,21
7,18
41,13
41,44
24,42
40,58
12,3
17,41
38,61
21,74
20,23
9,75
10,62
2,49
49,57
11,42
40,67
46,31
30,68
31,21
33,46
15,44
7,1
18,16
29,28
32,58
46,14
8,71
5,11
2,75
7,12
31,55
17,18
49,26
7,71
48,64
10,11
17,60
1,46
44,14
24,62
4,45
7,35
33,47
