45,57
30,43
32,47
3,4
16,14
28,34
42,53
31,17
12,16
48,53
49,55
48,68
2,2
36,22
47,64
17,23
14,18
42,45
24,29
41,53
13,16
43,51
3,3
45,25
7,5
30,26
15,12
33,27
40,48
46,30
12,18
44,43
2,3
21,12
46,26
28,30
48,33
17,15
38,30
43,56
31,37
48,61
14,21
29,44
6,7
39,51
40,47
28,23
39,36
33,29
42,56
7,5
31,18
21,13
48,41
27,28
42,27
27,29
50,31
10,6
8,8
49,44
14,18
38,31
32,17
28,25
32,33
48,62
28,39
8,6
29,29
3,4
1,1
48,57
7,11
16,19
11,13
11,11
43,54
41,57
15,10
24,35
40,28
45,38
9,12
1,1
48,72
25,30
18,13
19,10
40,24
8,10
36,50
7,4
16,17
47,62
4,4
46,44
50,33
50,67
19,22
25,23
50,35
36,27
6,7
5,6
20,26
4,3
49,66
10,15
3,5
1,2
41,29
3,4
3,2
35,25
11,12
33,22
31,40
34,35
9,13
47,62
22,17
22,18
11,14
24,17
48,29
40,41
32,43
29,38
8,5
10,6
42,58
23,32
7,10
31,23
8,10
38,25
47,34
12,13
39,50
24,21
28,29
13,9
38,24
27,35
10,14
19,12
36,49
49,52
41,45
8,7
6,5
1,1
17,20
30,28
30,17
1,1
29,39
26,22
32,27
6,4
20,27
2,2
17,20
22,13
13,16
37,26
31,22
13,11
26,39
40,24
27,17
10,7
44,66
27,38
18,21
47,47
24,16
46,37
12,15
47,57
12,13
9,13
15,20
40,37
30,22
41,47
28,15
24,19
32,45
20,18
5,6
37,42
38,30
37,37
14,21
4,6
3,2
44,24
48,38
43,25
10,7
15,10
43,35
46,46
34,39
33,29
18,20
31,37
39,42
9,5
5,5
8,10
8,5
29,29
7,7
17,15
2,2
9,14
13,15
38,36
18,14
41,47
16,20
22,22
24,18
13,12
6,8
50,69
50,60
49,65
37,36
18,13
16,13
17,10
22,26
22,15
41,51
35,48
25,26
16,16
31,19
1,2
11,16
12,9
17,14
49,53
33,48
36,51
45,50
17,9
20,19
3,4
39,23
30,27
7,5
20,20
19,20
11,13
22,21
1,1
4,3
35,23
34,46
27,37
2,3
48,68
10,9
3,3
3,3
8,6
18,25
5,4
46,47
11,7
37,22
23,23
30,44
47,38
36,51
7,11
28,35
19,17
10,10
15,9
24,13
29,22
15,21
2,2
2,2
13,9
32,30
7,11
17,17
16,12
19,25
25,17
3,3
29,33
24,30
1,1
12,8
33,41
25,18
9,11
47,57
13,10
33,49
15,10
30,28
1,2
9,5
35,42
26,24
10,6
16,15
38,31
25,34
48,48
38,35
24,15
16,18
16,19
27,21
26,16
47,45
2,2
37,30
13,9
23,35
11,7
2,2
21,22
48,71
37,50
1,2
20,14
48,68
21,23
38,21
8,6
46,28
8,11
18,22
29,21
30,39
2,3
10,9
5,4
10,13
35,38
27,32
4,3
3,5
7,10
45,53
22,21
41,61
8,12
49,51
10,8
21,22
13,10
40,45
50,53
41,30
20,30
18,20
36,27
2,2
42,42
29,36
17,25
18,21
48,36
13,9
12,14
29,28
8,5
22,30
16,16
44,48
1,2
14,14
4,3
14,20
46,66
36,44
36,43
11,10
45,31
33,42
16,19
49,61
21,30
22,27
41,29
37,34
32,48
36,42
33,47
28,35
48,40
13,11
48,67
37,37
40,25
48,32
39,24
14,13
35,38
3,2
40,43
5,7
11,10
4,5
48,51
35,53
32,46
41,61
21,25
39,40
10,15
46,57
13,15
31,32
36,32
49,29
43,40
48,44
12,13
6,7
41,21
27,20
21,31
27,37
15,13
48,26
39,41
49,66
33,30
24,28
36,38
1,2
30,33
8,6
49,45
38,53
28,19
36,25
21,25
15,12
3,4
12,11
22,32
16,14
23,15
37,50
3,3
47,37
50,73
33,44
41,34
45,63
28,16
24,28
42,55
22,33
5,4
29,42
16,18
9,11
15,20
39,54
34,48
42,24
11,11
10,10
2,2
25,32
44,37
43,38
24,29
25,30
35,44
38,53
46,69
48,42
40,60
27,41
27,15
11,13
11,11
21,19
30,45
49,55
35,47
3,5
39,51
11,13
17,11
8,12
8,12
8,6
25,34
34,19
48,49
11,15
7,5
8,5
14,9
4,5
40,27
10,6
47,70
31,47
39,56
33,31
44,36
25,20
13,10
46,58
15,22
33,23
31,23
43,46
33,22
18,14
2,2
7,11
38,23
15,16
12,15
14,8
43,56
49,66
36,51
41,24
10,9
22,31
25,14
24,30
6,4
18,21
30,29
20,19
8,8
26,18
46,42
27,31
33,38
17,23
13,8
42,53
17,14
2,3
50,39
26,32
31,34
21,15
17,20
22,21
21,22
34,25
19,22
8,11
40,54
11,15
36,42
25,15
11,13
15,13
20,24
23,32
50,65
29,25
50,43
15,8
11,16
22,27
19,22
19,23
7,6
46,31
3,4
2,3
4,4
48,60
17,11
2,3
4,6
12,14
4,6
41,39
27,19
33,43
11,14
36,40
12,14
10,7
39,31
42,36
38,42
14,17
21,23
35,21
45,54
33,36
20,26
32,27
21,21
32,44
1,1
39,32
31,27
26,33
47,64
49,63
48,67
42,42
27,18
2,3
26,28
46,47
6,4
10,10
48,66
38,31
33,49
18,19
42,62
4,3
4,6
8,5
37,52
32,33
48,33
39,31
23,27
18,18
16,12
10,10
9,6
40,23
5,6
7,11
27,22
32,35
5,8
46,50
21,30
39,29
25,30
26,34
5,5
42,63
31,44
12,14
38,42
44,23
8,5
47,27
38,45
50,58
27,19
10,10
39,51
3,3
24,36
49,49
28,42
49,55
43,28
19,22
5,3
42,42
6,9
21,18
48,60
25,34
35,48
14,20
15,14
11,15
42,56
6,8
31,28
23,16
6,5
10,12
15,13
28,28
19,23
18,25
19,24
24,30
24,16
41,49
37,22
17,17
47,49
41,33
47,26
44,54
23,18
11,13
27,38
27,23
16,21
27,30
1,1
24,15
17,15
16,16
30,39
22,12
50,61
35,45
27,21
27,23
42,48
22,14
26,35
11,13
31,30
19,28
28,35
24,26
3,4
48,52
36,33
7,9
42,30
33,44
10,13
42,24
13,10
39,35
47,41
29,30
9,11
44,28
20,20
24,19
13,9
36,47
16,24
31,29
26,33
14,12
10,10
21,29
32,27
35,30
48,29
33,40
8,8
21,11
28,15
15,14
37,33
29,17
3,2
38,31
31,27
44,31
6,5
17,22
16,9
25,15
39,25
16,11
24,13
33,46
29,33
44,45
23,33
30,40
43,37
40,45
29,27
38,43
12,12
29,41
6,7
35,36
26,19
30,34
3,3
31,17
19,27
36,54
24,21
37,27
34,35
46,68
13,19
26,23
20,25
47,24
23,30
39,56
46,41
50,38
16,24
38,36
37,47
12,15
35,44
7,10
37,33
11,12
37,46
13,15
35,26
12,11
24,27
29,33
5,7
5,4
19,19
45,54
39,39
12,12
33,44
34,39
29,17
14,9
28,20
10,7
6,6
28,17
39,36
49,31
10,12
31,44
34,18
25,19
24,25
41,31
25,32
50,69
28,31
39,36
17,17
3,5
30,43
50,26
48,63
47,41
26,16
16,9
11,15
49,53
29,16
31,17
19,28
35,30
20,24
28,20
32,35
40,49
29,36
16,21
2,2
16,19
31,30
38,35
24,36
34,44
31,23
42,35
45,25
26,30
11,13
32,25
13,17
37,54
16,18
22,22
24,18
27,16
37,54
21,30
11,9
45,41
1,2
29,27
38,38
42,44
11,13
27,24
44,24
21,29
37,49
4,6
27,19
15,14
34,43
30,44
32,36
23,33
38,28
13,13
9,8
10,14
39,55
15,20
34,23
11,14
27,29
10,10
11,6
44,59
26,18
38,20
45,63
45,50
11,13
31,36
39,57
35,33
31,23
5,6
45,44
36,37
27,38
21,13
21,12
36,45
17,16
49,25
29,20
48,68
1,2
31,18
28,30
46,50
42,54
40,60
47,36
47,27
23,18
25,38
24,31
10,7
46,64
16,14
50,60
43,41
15,11
32,24
42,49
49,73
50,67
14,17
13,16
41,25
25,36
28,24
35,51
22,17
25,24
8,10
12,13
30,20
46,40
35,44
32,40
11,15
14,15
1,2
27,29
47,33
3,3
43,25
7,8
38,32
39,36
37,34
25,20
37,35
13,9
37,52
2,2
24,31
35,44
4,3
47,63
36,52
26,39
31,16
36,37
1,1
31,27
48,36
50,66
16,24
39,43
19,18
41,23
9,14
38,23
19,17
24,26
20,30
35,46
44,45
35,44
36,45
6,6
14,17
8,6
40,56
23,14
21,19
22,18
7,7
41,48
13,15
8,10
46,26
49,74
27,19
47,62
15,9
44,51
15,15
38,38
41,42
14,14
48,43
8,5
27,25
34,31
36,20
24,15
30,30
23,17
36,24
36,41
48,56
41,36
25,33
1,2
37,31
42,53
19,22
34,36
46,66
24,16
26,28
5,4
29,38
4,6
1,2
40,47
40,47
28,23
29,38
28,35
20,11
34,31
10,13
36,52
41,59
16,21
35,39
6,6
29,32
39,48
36,26
34,24
27,19
48,59
6,6
49,31
19,24
38,38
44,53
3,5
4,3
1,1
11,6
49,35
28,18
37,56
1,2
2,2
18,18
44,23
39,21
42,40
48,35
21,32
42,48
28,39
27,39
33,36
10,11
49,50
12,16
8,12
33,49
5,6
36,38
8,8
42,23
5,3
16,18
7,4
30,45
19,28
30,42
24,15
10,10
1,2
26,23
40,21
44,61
40,60
6,9
14,12
24,17
2,2
42,47
15,17
23,35
47,35
20,15
19,25
26,14
17,14
27,25
44,44
12,8
10,10
40,27
45,55
37,22
23,22
42,63
14,16
8,8
17,18
22,24
32,37
25,13
24,15
28,15
39,24
15,16
14,18
21,29
41,32
4,3
26,22
39,57
48,50
38,48
6,4
3,3
4,5
23,25
47,62
35,46
8,10
16,14
7,6
36,37
10,9
30,17
23,17
3,3
44,47
4,6
18,24
45,52
2,3
24,27
15,21
46,25
29,23
4,6
50,45
41,48
41,30
27,36
28,15
45,62
31,20
34,31
37,47
23,20
42,50
17,12
42,27
12,11
20,22
25,18
7,6
17,17
38,35
8,6
15,9
5,3
3,4
50,34
10,11
15,20
42,53
49,41
4,5
41,49
1,1
21,32
26,32
37,32
41,29
33,27
31,26
2,3
30,24
7,6
7,4
8,12
14,17
18,17
16,9
21,14
31,31
7,5
35,22
26,23
45,52
18,27
45,68
11,12
36,27
37,47
25,28
28,41
4,5
37,51
18,16
3,4
39,40
36,24
10,15
3,3
39,50
17,17
36,24
50,39
23,31
35,20
15,18
33,50
46,32
1,1
19,23
50,53
31,34
11,10
14,9
18,23
10,8
50,61
15,9
12,17
27,26
21,23
33,49
26,17
44,54
12,18
48,67
6,4
40,52
45,29
47,54
50,44
24,35
44,25
33,48
36,49
48,30
31,45
12,12
45,51
3,2
26,29
43,37
41,34
7,10
46,47
9,6
49,70
23,13
4,5
6,6
24,35
50,44
3,5
14,10
45,38
44,34
5,7
6,6
26,17
7,8
47,61
2,2
35,48
7,9
25,18
20,14
26,29
31,35
29,29
15,23
2,3
50,55
32,46
1,1
41,22
27,39
31,33
27,33
45,59
35,25
35,38
35,42
48,59
38,38
12,13
43,24
42,28
27,40
40,38
29,37
42,22
45,44
33,32
29,43
3,5
36,47
40,25
14,14
13,11
33,48
9,10
45,36
9,9
6,6
1,2
46,44
11,16
18,22
34,25
3,3
7,9
23,20
41,23
13,17
44,26
37,37
40,46
30,25
7,8
15,10
18,12
49,49
1,1
30,42
38,42
40,22
13,9
40,37
4,5
24,15
13,12
29,42
42,39
33,35
17,10
28,16
47,67
8,5
40,59
16,17
24,22
50,40
15,18
13,16
43,30
13,14
8,6
45,67
27,15
33,37
31,17
28,34
2,3
5,5
50,64
31,20
13,19
33,46
20,16
33,22
9,14
36,24
40,60
46,58
1,1
24,31
16,20
47,45
42,34
13,14
31,44
34,20
29,19
16,12
27,15
29,22
20,21
22,25
17,16
47,27
42,36
17,23
16,22
41,43
49,36
2,2
3,2
27,21
17,20
28,32
34,40
12,18
31,23
19,25
15,13
6,6
18,13
37,29
29,40
39,48
17,22
14,12
1,1
10,9
49,33
15,18
43,34
19,13
6,6
10,6
25,14
13,16
6,7
38,53
18,15
35,35
43,58
16,23
20,29
48,31
3,2
41,27
1,1
29,17
41,44
9,7
33,40
13,11
27,30
10,10
37,31
48,59
24,32
42,23
50,50
40,27
21,12
1,1
11,7
34,42
2,3
3,4
6,6
41,28
30,45
18,24
38,40
21,27
6,4
34,24
29,31
5,5
39,59
40,44
35,47
6,6
47,47
19,11
14,10
30,45
1,2
22,12
7,4
21,29
33,26
15,10
22,22
7,7
30,37
2,2
35,26
23,30
44,63
43,34
9,8
24,36
27,33
10,14
6,4
10,13
30,43
47,44
27,14
50,48
17,24
24,26
8,8
15,20
12,15
7,6
8,6
36,30
41,35
29,37
15,12
20,20
27,21
28,36
15,9
12,17
47,43
48,38
45,64
41,23
21,19
33,32
49,74
31,30
12,14
31,22
22,17
8,5
26,39
1,2
47,48
25,18
23,18
15,20
10,10
21,30
27,28
17,24
31,45
27,29
33,20
28,33
22,12
23,28
12,17
39,56
46,66
7,10
46,44
50,61
35,47
13,17
11,14
33,47
46,35
24,26
22,22
12,16
49,67
39,36
41,46
27,23
33,33
50,57
20,19
1,1
48,64
43,58
43,54
22,27
19,20
39,58
20,15
25,24
35,29
47,27
34,38
46,28
16,23
8,10
37,21
26,26
13,11
32,36
31,29
50,37
21,13
2,2
43,46
48,47
1,2
46,28
26,38
25,22
46,59
27,39
31,38
49,41
2,2
37,21
29,41
42,34
16,20
32,36
28,33
13,17
49,59
36,25
7,7
48,39
42,33
36,49
45,26
32,39
5,7
12,13
42,59
44,29
36,41
39,52
16,23
41,31
26,34
48,68
50,65
10,12
17,16
11,10
9,14
21,16
5,8
26,35
22,27
47,28
42,46
24,25
33,22
50,73
23,23
17,11
6,8
37,30
26,30
11,11
34,37
49,61
11,12
37,33
20,30
41,55
43,59
5,5
16,20
48,34
21,17
44,53
33,27
7,7
11,8
16,21
24,25
21,17
31,40
16,11
21,24
29,29
33,34
14,11
32,27
50,67
34,19
1,1
35,27
4,6
20,18
9,7
34,18
18,16
23,31
40,43
19,26
40,52
36,33
3,2
3,5
38,53
11,11
7,7
26,14
29,25
35,33
38,21
22,20
41,47
8,12
40,52
27,26
24,33
13,10
36,29
11,16
43,44
31,25
49,34
45,64
42,41
14,14
44,65
4,5
19,16
30,28
50,32
5,8
18,24
2,2
11,9
15,12
7,9
29,22
22,15
21,24
37,29
4,4
27,17
28,29
40,41
43,38
36,47
48,60
22,26
47,33
9,11
36,38
8,12
16,11
20,27
16,12
46,69
35,44
3,4
21,16
12,13
23,28
23,33
29,25
40,54
41,53
11,8
23,14
28,30
10,11
41,39
6,9
11,13
24,30
5,4
34,41
13,16
49,57
10,6
4,3
22,33
17,19
1,2
1,2
27,30
10,11
28,39
23,30
21,21
25,34
23,31
13,15
8,6
26,27
12,16
46,49
24,36
5,7
5,6
49,58
32,41
11,11
3,3
7,7
13,9
12,15
26,20
39,44
36,46
21,29
2,2
24,30
35,40
3,4
39,44
36,49
26,35
11,14
32,41
27,41
1,1
14,8
29,21
2,2
9,9
7,6
8,5
33,22
14,14
40,37
7,8
30,35
24,22
9,11
3,2
49,72
12,12
43,60
11,11
7,7
31,42
22,18
24,22
36,34
9,6
22,15
49,31
43,44
28,32
30,21
2,2
9,6
27,19
5,7
13,17
47,65
19,16
40,32
5,5
9,6
35,45
27,41
32,43
49,31
29,25
18,20
41,60
23,19
34,28
38,30
16,24
9,9
8,9
39,46
17,19
21,16
23,24
26,21
41,28
24,29
12,18
9,13
21,18
3,3
44,45
32,41
29,41
39,48
30,19
42,24
4,4
39,20
47,30
7,6
22,15
24,24
42,24
3,3
40,31
50,66
27,23
40,54
47,55
34,37
37,49
35,43
17,16
31,45
10,7
49,40
11,14
1,2
3,2
47,48
43,42
47,40
6,4
27,34
26,38
4,4
23,25
29,34
24,31
8,8
23,15
7,8
14,17
30,39
17,11
39,51
36,25
36,29
44,38
30,25
45,63
21,16
6,8
43,50
9,8
12,10
49,50
3,4
17,14
3,3
23,29
21,20
9,8
29,23
44,35
39,25
9,13
27,29
36,51
26,29
43,62
31,46
43,43
42,30
6,9
48,51
15,11
43,28
25,37
4,6
6,7
40,56
31,19
6,4
49,50
1,1
41,40
29,30
7,7
29,35
23,21
10,14
17,13
43,65
1,1
4,5
41,49
25,20
8,10
18,23
20,24
12,14
48,49
38,51
30,26
1,1
21,19
19,24
20,28
28,26
13,9
7,8
22,18
32,20
50,41
19,18
5,7
15,19
8,9
48,64
24,13
20,24
20,11
17,16
16,21
45,34
10,15
26,21
29,34
9,11
44,51
42,34
48,54
48,53
6,7
29,38
48,60
47,34
37,36
10,9
47,34
41,31
21,14
11,8
15,8
10,10
20,16
48,65
10,6
36,47
5,7
16,20
9,6
15,15
2,2
27,18
24,32
38,45
42,47
45,61
21,28
15,9
22,13
21,26
39,24
1,2
38,35
15,11
46,29
3,3
42,53
6,9
25,15
2,3
26,21
1,2
11,16
19,15
23,17
13,8
34,38
35,51
15,22
19,11
25,27
38,46
28,30
50,59
36,30
31,28
3,4
9,9
5,5
22,31
3,2
37,45
43,63
33,25
3,3
36,39
35,52
6,9
28,23
3,4
45,54
29,20
31,44
3,5
22,16
42,58
24,25
2,2
41,24
43,48
46,58
31,32
30,16
35,21
35,25
48,62
19,25
50,43
22,24
4,6
46,59
41,56
18,25
6,5
47,55
8,8
23,23
38,25
4,3
28,31
11,17
10,8
14,8
25,31
27,33
2,2
50,69
35,23
47,61
9,12
47,48
9,5
3,3
17,25
2,3
14,13
2,2
39,57
30,34
29,24
17,16
33,25
31,45
25,27
39,44
11,9
45,59
33,40
40,26
8,11
37,41
34,41
21,25
11,11
6,8
28,24
11,16
22,23
43,62
22,15
49,62
8,8
33,49
25,19
43,25
8,8
23,30
29,37
36,54
42,61
35,19
24,13
4,6
5,3
19,12
43,60
36,19
43,64
22,17
2,2
9,14
32,18
29,18
44,42
15,18
41,57
5,5
23,34
15,10
18,23
44,43
43,53
11,9
37,36
47,53
16,16
48,43
39,48
20,19
23,34
1,2
36,44
16,24
39,29
28,40
34,29
46,36
29,36
7,10
43,35
20,19
26,31
18,16
46,56
36,45
29,41
34,31
39,29
38,25
21,16
26,26
45,24
47,71
28,34
41,24
30,30
29,20
28,30
7,4
18,27
4,3
26,35
17,22
33,34
25,22
48,72
25,29
40,56
28,28
38,33
41,31
45,52
8,5
16,17
44,31
5,7
40,39
8,8
50,29
35,23
17,10
10,10
7,8
49,72
19,22
1,2
14,21
8,11
9,13
35,26
24,16
33,27
13,10
10,6
24,21
46,46
41,46
2,3
3,3
26,27
7,7
7,6
9,9
23,30
16,13
14,9
19,19
34,24
20,28
12,17
22,32
24,13
38,40
42,50
49,43
40,51
18,12
6,4
2,2
7,10
40,36
36,25
5,7
7,7
47,63
20,14
11,13
6,5
45,27
24,28
32,41
42,61
26,27
39,28
17,19
8,12
39,37
6,4
12,10
48,71
20,20
38,25
50,58
28,35
3,5
11,16
48,47
9,5
29,37
34,37
1,2
2,2
34,32
20,26
26,15
48,53
7,8
14,10
1,2
49,68
48,26
8,8
18,14
1,1
14,9
24,24
32,29
48,47
23,21
23,25
13,17
12,18
50,57
40,38
10,6
1,2
41,54
31,47
39,45
1,1
21,13
26,25
30,30
48,61
29,38
36,41
12,11
31,22
40,27
21,26
22,24
6,5
4,5
33,45
39,57
35,47
19,10
8,6
14,19
20,20
34,19
44,40
15,14
33,31
10,10
10,12
11,9
2,3
50,38
19,10
43,28
50,57
6,9
13,10
12,12
46,69
39,56
3,3
35,43
49,58
47,36
32,28
39,23
30,18
49,41
9,5
22,20
33,35
3,3
15,14
7,7
9,12
26,19
43,35
12,14
8,7
14,17
4,5
25,29
43,24
16,11
13,19
14,20
29,26
14,15
17,16
22,25
27,28
4,6
42,45
12,10
42,36
9,13
38,47
16,9
3,3
21,16
4,6
9,7
25,29
32,31
1,2
16,20
43,52
9,10
27,30
41,32
41,21
17,25
38,34
8,11
4,3
23,33
2,2
26,28
18,24
20,15
47,61
15,10
2,2
3,2
28,36
26,25
31,20
23,14
32,24
26,17
24,31
19,25
15,14
34,40
9,10
10,13
11,13
18,10
37,28
45,36
16,10
15,13
36,54
16,23
38,37
48,30
15,12
37,25
21,22
41,47
40,36
46,67
29,38
12,18
40,37
18,17
18,14
42,39
25,15
4,4
5,7
46,57
34,21
22,32
44,31
31,23
21,17
25,36
9,8
38,55
39,32
5,5
6,7
38,21
23,20
33,29
23,24
28,42
25,18
15,15
18,15
7,8
41,26
50,30
39,56
12,8
16,11
27,35
35,39
31,20
17,16
25,27
27,22
39,54
36,36
22,33
4,4
29,29
10,10
27,40
29,34
15,16
5,6
2,2
1,2
15,21
29,20
7,11
40,44
4,5
18,11
19,15
25,19
5,3
28,16
29,21
4,5
28,34
5,8
23,12
12,12
44,64
10,11
21,30
7,8
35,40
21,32
31,31
15,8
2,3
22,12
39,58
11,7
41,59
32,32
44,59
6,4
15,21
12,12
5,8
43,31
45,66
18,27
40,24
2,2
19,12
47,54
30,22
35,49
37,23
36,36
13,16
37,51
26,23
35,44
12,17
46,27
49,37
6,8
31,25
15,19
45,49
5,7
45,45
24,14
10,9
36,54
13,12
48,35
11,11
22,21
20,17
42,43
9,13
33,29
6,9
15,15
41,61
30,36
30,44
49,27
45,51
27,38
9,13
41,46
15,21
31,20
43,59
18,20
37,41
31,17
42,27
49,41
3,3
10,8
39,30
32,25
27,25
29,38
40,58
18,14
4,3
4,3
14,10
31,46
32,48
49,25
17,25
11,14
33,24
43,62
38,40
42,23
14,12
30,29
15,17
41,53
12,11
48,62
4,6
2,3
32,24
33,43
15,17
47,51
10,14
7,8
5,5
26,27
11,6
48,70
30,21
35,20
10,7
39,57
1,1
35,49
9,14
15,16
45,25
38,44
21,12
13,13
23,17
35,46
44,41
30,17
41,26
15,15
27,30
30,18
43,64
28,37
6,5
21,14
8,12
32,22
14,12
27,29
46,33
31,46
25,37
5,6
42,49
4,3
35,47
50,41
23,27
39,37
24,24
19,14
41,45
33,46
40,38
39,40
30,37
28,24
49,56
30,42
45,67
48,47
8,7
21,18
50,42
35,39
27,17
6,6
42,38
8,12
16,12
41,38
45,49
25,38
14,17
18,24
4,6
28,29
26,37
4,4
9,8
45,44
37,26
50,50
31,19
25,27
25,30
29,35
9,10
29,32
44,41
4,4
50,69
27,31
28,31
48,69
17,21
38,20
16,14
35,43
30,45
19,13
8,11
18,17
16,22
17,25
17,17
31,39
12,13
24,33
33,29
47,25
8,9
12,16
46,50
20,27
44,61
1,2
3,5
10,8
27,17
17,21
14,8
30,41
4,3
39,50
44,59
3,3
3,3
2,3
28,29
25,32
24,25
4,4
24,30
35,30
18,14
17,18
1,1
38,25
50,44
38,54
40,45
49,27
41,53
41,49
45,51
34,18
32,35
13,17
47,30
20,17
17,17
21,24
26,27
11,15
31,44
30,21
39,43
48,65
28,16
33,40
46,69
23,29
31,26
46,44
50,75
12,17
50,47
29,25
11,10
27,22
28,42
4,6
1,2
12,7
32,30
11,16
24,29
21,18
1,2
50,35
31,40
42,48
34,43
9,8
2,3
32,22
25,22
8,12
47,45
37,23
5,7
41,45
40,34
19,16
1,1
17,18
20,17
34,44
8,8
17,14
17,24
1,1
39,22
20,13
26,26
21,23
49,69
6,8
49,38
43,37
19,26
17,22
14,9
40,27
35,32
39,39
6,6
39,28
43,57
41,52
48,37
41,43
42,54
28,28
12,18
41,58
31,16
46,46
28,21
37,43
13,10
22,15
36,52
23,24
6,9
45,31
23,15
20,13
2,3
48,49
29,24
46,58
29,41
44,27
28,23
33,38
4,3
25,31
41,49
42,60
16,9
20,17
2,3
23,24
31,40
23,29
14,11
4,6
17,21
29,39
3,3
48,64
14,11
5,4
31,37
15,14
48,27
11,12
46,51
37,53
23,21
25,32
43,60
18,25
5,6
20,13
6,4
44,65
5,6
3,4
28,20
45,66
25,15
40,30
1,2
3,4
48,56
19,23
44,31
50,44
46,35
10,6
15,10
13,19
9,7
21,18
27,40
18,14
25,27
14,18
5,4
42,44
25,30
10,10
33,24
5,8
29,35
44,36
50,67
34,29
42,58
3,4
8,10
11,17
15,10
10,9
46,34
15,20
21,25
29,33
49,64
14,21
8,9
39,53
5,3
14,17
45,66
47,35
5,3
19,25
23,16
9,10
1,2
50,43
20,13
45,38
14,8
18,10
30,18
31,36
47,41
46,35
42,44
22,33
15,9
35,30
15,20
9,12
31,39
49,44
26,24
23,35
9,14
19,26
30,42
33,17
24,30
44,27
14,21
37,37
17,10
4,4
21,23
3,4
43,47
22,30
6,5
8,9
46,67
4,6
9,10
20,18
21,25
45,49
45,27
27,32
50,50
3,3
18,11
29,33
45,62
50,27
23,30
45,34
29,25
10,9
44,60
16,21
32,38
48,60
33,33
31,40
2,3
44,50
10,12
9,12
19,19
50,41
30,27
48,54
40,46
1,2
44,31
40,26
9,8
43,52
8,11
49,46
13,10
50,60
47,37
4,6
10,9
49,46
43,22
8,7
37,32
48,25
24,15
46,63
50,62
23,32
41,41
33,34
25,27
3,3
19,15
34,35
29,18
17,17
11,10
15,11
7,8
48,64
45,66
48,33
15,10
35,25
42,29
6,8
38,37
48,38
48,61
45,45
34,33
22,20
38,36
32,37
22,18
38,28
26,35
33,35
32,45
5,4
28,28
35,32
50,57
37,48
21,32
12,11
35,35
8,8
26,28
22,31
26,16
39,42
22,31
11,16
41,38
34,20
34,40
46,33
38,21
20,13
36,49
11,11
3,3
27,15
34,24
2,2
24,18
36,36
35,23
50,31
21,28
49,26
17,12
36,20
29,43
35,35
10,8
9,11
44,37
26,15
18,13
14,16
19,22
30,29
48,46
25,29
3,3
37,53
45,32
6,9
34,34
23,28
26,28
44,30
3,2
31,27
32,46
38,28
26,23
33,41
30,23
5,4
24,14
22,32
29,23
39,47
12,14
20,28
37,41
5,7
37,34
21,30
42,27
50,32
26,26
20,21
27,24
15,14
20,17
12,12
7,11
31,40
14,21
8,12
28,39
26,38
14,19
50,35
42,30
16,14
5,5
21,13
44,34
7,10
18,27
25,23
18,22
34,44
40,46
32,45
50,75
30,35
50,49
14,17
19,12
30,21
50,70
17,23
28,29
46,24
40,32
33,36
20,12
29,32
9,7
20,14
29,28
18,12
36,46
5,5
50,48
24,19
19,16
22,22
17,23
11,9
36,41
5,6
17,9
13,19
45,54
27,18
36,33
31,33
27,20
6,8
23,24
2,2
42,38
11,7
34,21
13,11
1,1
25,37
18,21
39,48
27,19
25,21
46,38
28,42
35,48
47,30
37,35
42,30
30,38
44,64
40,27
13,17
21,15
8,9
46,54
11,16
23,21
14,11
2,3
23,24
43,32
20,26
9,6
30,33
15,12
18,21
39,52
46,41
48,59
46,56
9,14
4,3
33,18
34,29
9,10
9,13
15,14
6,7
39,38
32,26
31,34
16,19
16,18
7,8
25,35
16,14
40,50
17,24
9,8
8,6
24,19
20,25
7,7
17,16
37,32
30,30
4,5
5,6
33,32
37,21
46,26
43,34
13,18
5,6
2,2
21,20
15,16
41,35
10,11
25,34
14,18
45,29
16,22
13,9
34,43
13,16
33,20
11,11
22,14
24,19
19,25
18,19
47,33
11,12
41,52
21,12
48,67
39,27
9,11
49,47
30,43
44,35
49,59
39,28
15,14
46,26
6,5
24,24
19,17
11,7
31,37
19,27
18,13
39,50
17,10
12,15
9,5
35,34
46,27
28,21
22,12
15,14
42,37
48,60
21,17
41,54
26,35
41,59
28,42
48,63
47,24
44,34
10,7
45,27
27,14
29,24
41,61
36,40
20,30
4,6
12,7
18,10
11,11
11,10
11,15
46,68
7,9
16,15
7,4
10,12
24,33
11,11
36,38
50,53
7,5
26,28
45,66
29,41
33,45
3,4
50,54
44,55
6,7
9,6
33,27
24,22
40,38
27,24
42,61
16,20
23,27
11,6
14,12
4,3
10,10
39,32
49,47
34,48
50,49
16,10
18,26
46,62
37,25
40,39
22,16
3,4
26,23
16,14
19,27
24,31
28,42
44,32
27,19
21,18
39,45
19,17
32,24
17,18
39,34
14,9
28,32
37,56
20,11
40,44
7,6
28,18
50,53
28,25
4,5
16,18
37,35
35,47
42,50
6,5
3,4
28,42
30,27
11,16
13,18
41,41
20,27
11,11
5,4
20,12
34,50
24,14
3,4
20,13
47,68
8,10
47,47
27,23
40,42
27,31
17,19
6,5
44,59
10,14
12,10
37,41
15,8
32,20
17,17
48,68
49,29
2,2
36,23
29,41
15,21
32,34
36,46
37,22
43,34
10,8
26,26
45,53
11,12
21,30
44,42
2,2
30,35
33,26
29,38
24,31
13,11
31,27
32,23
45,48
15,16
13,8
15,19
20,20
10,9
7,5
36,43
2,3
43,35
48,28
5,5
26,15
41,39
49,36
45,47
2,2
33,46
31,26
10,15
2,3
13,9
4,3
33,28
4,5
13,17
26,22
13,18
23,31
2,2
13,18
38,26
30,35
17,11
25,34
3,4
34,47
14,9
42,60
22,18
21,21
19,17
49,33
2,3
39,52
21,28
16,9
37,25
6,4
30,28
44,47
41,30
27,29
5,6
3,3
1,2
20,25
39,50
25,22
11,11
32,38
18,22
22,17
21,25
7,5
48,61
17,9
22,31
34,23
43,40
4,4
32,36
42,59
21,23
13,20
34,43
43,29
40,29
11,8
41,32
7,7
26,38
11,9
11,10
15,22
4,4
26,34
19,15
1,2
43,45
43,58
20,14
23,17
46,31
12,9
34,36
18,20
15,17
44,53
21,23
35,20
16,14
46,38
13,8
41,43
11,11
15,12
22,18
3,3
25,38
18,10
7,4
13,14
1,2
26,33
19,16
17,14
42,55
27,15
13,9
48,65
18,22
1,1
12,7
8,12
30,31
11,11
11,13
46,35
6,6
15,13
27,16
9,13
8,5
22,26
40,60
6,6
2,3
35,33
3,2
16,24
39,41
8,11
6,9
4,3
44,35
48,68
43,50
16,13
26,17
3,3
32,33
10,11
22,31
19,24
48,48
10,6
3,3
28,15
47,40
40,30
48,36
39,39
3,3
25,23
10,10
46,66
1,1
16,13
17,19
21,16
28,25
13,12
5,8
42,42
6,5
18,13
18,24
14,13
38,46
27,20
19,29
26,27
29,23
2,3
2,2
34,30
47,50
35,39
50,44
21,14
19,10
15,21
4,5
29,21
41,59
26,30
2,2
43,47
43,54
42,56
44,60
23,31
33,17
13,17
6,8
21,19
16,15
42,37
34,39
23,31
36,49
9,6
40,22
16,20
36,23
38,29
28,31
15,16
28,28
13,8
24,31
5,4
27,17
17,20
19,19
45,33
14,21
6,4
35,30
2,3
35,37
5,3
47,32
42,52
5,5
42,30
19,18
18,26
38,21
30,36
35,41
18,14
12,13
49,53
24,19
43,31
23,27
19,28
35,21
11,10
14,16
28,16
32,39
43,60
32,23
14,16
38,33
47,25
10,14
39,35
10,8
13,18
24,28
38,48
2,2
12,15
42,31
20,12
6,5
30,32
35,21
47,38
50,36
23,14
36,31
38,52
16,22
10,6
19,24
30,45
48,30
43,31
48,53
41,43
49,67
46,64
13,10
36,22
18,27
43,34
10,12
2,3
33,30
19,10
3,3
35,32
37,42
29,32
13,16
17,16
21,30
7,10
22,31
30,18
6,4
33,31
44,37
41,34
5,4
28,31
12,16
25,27
9,10
8,10
34,23
42,48
33,33
44,35
27,19
13,17
40,33
46,67
37,30
27,25
41,32
24,15
9,12
8,10
22,24
35,50
37,54
20,30
14,8
39,36
23,24
40,57
47,61
40,58
44,46
43,60
50,63
43,39
34,43
24,34
16,12
43,64
26,22
3,5
46,67
35,43
27,18
49,39
25,27
8,8
49,37
38,54
36,48
46,69
5,3
15,16
29,40
4,3
35,47
21,23
36,52
1,2
43,28
18,25
40,44
45,28
30,18
47,28
26,38
14,17
22,13
38,54
33,23
8,10
4,6
30,36
8,9
34,19
11,15
3,4
23,14
10,11
6,5
46,46
47,71
36,45
28,35
9,11
10,7
15,18
50,60
40,22
50,36
48,26
21,30
44,53
46,55
13,12
45,33
40,39
14,17
37,22
3,5
7,7
21,12
42,26
26,23
30,39
14,10
28,40
12,17
5,3
7,4
42,58
24,32
37,55
17,23
22,19
49,61
49,32
5,6
31,27
4,6
10,11
5,5
5,7
34,48
12,11
29,35
47,27
1,1
49,55
16,23
39,46
47,36
40,42
10,10
41,51
15,19
49,43
41,33
39,59
36,54
15,15
31,18
39,31
40,57
7,10
27,14
3,3
1,2
31,43
35,37
28,22
5,6
5,7
37,40
13,16
25,38
45,38
30,26
3,5
25,26
38,30
15,23
10,8
35,45
18,15
35,50
16,11
23,12
18,11
48,70
28,21
34,31
16,17
6,8
31,37
24,30
19,13
40,32
50,30
17,23
8,12
11,17
3,4
34,42
45,49
50,73
47,50
50,52
30,42
34,39
8,12
9,11
41,60
28,19
20,14
2,2
39,26
39,43
1,2
19,24
45,42
43,24
34,35
40,54
9,7
34,21
21,26
33,24
39,41
7,5
2,3
16,20
27,34
10,13
39,36
27,38
27,39
38,48
7,5
1,1
9,12
50,32
25,36
42,25
25,28
41,41
30,24
35,31
5,4
26,38
17,9
3,4
37,49
29,29
48,68
4,5
26,35
46,38
27,19
12,14
45,28
15,11
29,17
15,12
12,11
33,50
32,19
49,33
34,25
21,25
18,16
6,7
26,18
49,62
18,17
43,62
45,64
2,2
36,50
10,12
26,22
13,15
13,8
1,1
43,55
32,26
39,41
13,14
50,61
34,31
4,5
45,62
27,34
5,7
2,3
22,29
1,2
9,5
6,7
17,17
9,10
45,50
38,40
8,7
33,33
12,7
11,15
30,45
23,21
3,4
50,40
20,12
17,23
15,8
19,14
22,22
19,14
12,13
33,27
6,9
29,37
4,5
27,26
31,23
8,6
30,37
25,33
23,32
9,12
14,20
13,9
50,47
3,4
32,48
29,17
17,12
15,9
47,35
11,15
29,41
12,7
44,30
33,41
49,53
39,34
18,25
2,2
37,35
39,45
25,32
41,47
33,20
44,42
22,21
44,33
34,29
12,11
35,25
15,20
40,34
40,23
11,8
36,36
7,5
17,18
24,26
18,24
5,6
21,28
15,11
15,16
35,37
35,19
31,36
25,27
8,12
43,28
49,61
21,20
19,17
16,14
6,6
38,23
49,45
15,9
39,40
27,30
3,3
20,24
26,31
44,44
31,40
18,19
37,27
43,37
9,14
21,30
46,68
23,19
41,46
4,3
19,18
40,46
22,18
6,8
18,23
46,56
26,35
37,32
2,2
19,24
28,41
46,60
5,6
34,21
39,23
44,63
31,36
6,5
50,60
6,6
6,4
1,1
4,5
20,12
13,9
15,17
13,11
34,32
25,38
28,37
31,17
48,37
45,24
5,7
37,38
18,15
6,9
33,31
47,47
37,33
12,14
43,50
40,32
34,27
50,60
36,54
7,6
42,25
9,12
27,16
32,34
18,23
39,57
25,21
33,25
26,39
14,10
29,15
9,8
24,27
18,24
43,24
40,35
10,13
5,6
13,9
48,57
38,46
14,9
45,61
40,34
32,41
9,12
36,53
37,50
46,64
14,21
36,48
34,28
47,44
39,47
12,8
49,41
3,4
23,32
37,21
21,24
42,63
9,6
44,26
33,25
3,3
33,30
46,25
48,69
2,3
10,10
4,3
6,7
40,54
35,21
26,36
5,7
24,28
5,7
33,36
22,30
38,40
32,48
22,25
21,11
33,34
43,55
43,62
29,37
44,51
16,9
20,22
37,26
8,11
46,37
47,36
15,15
27,23
37,39
23,15
6,5
23,27
23,35
2,2
1,2
4,4
42,22
14,13
24,17
41,39
42,48
34,22
5,5
12,11
12,13
11,6
16,20
27,17
29,36
7,9
9,12
40,36
12,14
21,17
10,7
45,47
37,56
17,17
26,22
30,17
38,44
5,5
17,10
3,2
24,16
42,53
4,3
15,23
43,35
45,45
50,73
10,7
32,39
15,13
21,12
31,24
8,5
50,51
37,30
3,3
28,24
41,23
15,10
23,28
36,30
31,23
22,13
3,4
23,35
44,51
38,48
35,32
28,31
30,45
4,6
14,15
13,16
48,57
8,6
41,40
12,14
30,18
23,21
42,24
2,2
4,5
21,20
22,29
33,30
26,32
29,29
30,44
4,3
49,60
8,8
33,27
10,10
21,14
8,9
48,32
38,40
49,69
36,38
8,11
16,11
1,2
32,19
46,59
2,3
2,2
21,14
46,53
28,36
27,14
50,40
34,19
23,20
49,27
25,31
12,13
46,29
21,11
19,27
34,22
26,31
6,6
29,31
38,44
31,26
18,27
50,33
43,23
24,36
16,13
6,9
14,12
22,22
25,20
36,51
13,16
5,5
26,23
9,7
24,34
31,26
22,15
18,15
27,35
14,13
28,26
30,27
50,58
20,26
3,2
4,4
47,58
4,5
43,47
33,34
43,34
25,24
35,46
22,14
49,32
48,60
1,1
18,25
4,5
22,30
48,43
7,7
42,27
21,26
5,6
23,34
6,8
27,21
46,31
34,25
11,9
42,60
7,6
23,26
18,14
31,20
8,11
28,28
8,5
31,33
20,25
50,40
36,54
32,24
40,24
48,69
3,3
33,39
28,21
14,15
35,46
19,27
3,3
41,35
12,7
5,7
28,18
42,42
15,16
11,8
35,26
41,32
15,18
4,6
7,10
47,69
43,27
44,49
18,12
13,12
9,8
1,2
1,1
19,28
20,14
20,11
1,1
41,40
49,30
30,27
13,19
10,9
7,5
48,46
13,10
7,5
15,20
48,43
11,7
13,9
17,12
28,41
26,37
47,58
15,14
31,24
27,38
7,6
6,8
31,42
10,15
34,23
3,3
37,26
9,9
13,19
43,42
3,2
17,13
42,31
12,9
8,11
32,45
32,30
35,41
14,15
25,23
49,45
25,23
46,37
10,13
28,39
9,12
20,12
42,24
48,67
42,38
31,45
39,53
27,19
29,24
25,26
9,11
21,20
25,29
31,45
17,19
2,2
35,28
33,47
24,26
29,34
36,32
36,22
40,22
32,37
45,56
36,50
13,8
35,35
17,25
30,21
23,13
28,22
18,12
13,13
10,12
36,19
37,51
40,52
50,41
33,33
2,3
2,3
43,29
12,14
31,22
29,30
49,44
10,12
42,40
38,45
40,26
24,19
2,3
7,7
13,19
25,14
16,11
9,9
50,74
22,16
46,51
44,23
3,3
3,3
33,21
49,52
28,42
35,49
25,32
29,20
2,3
20,25
34,36
11,15
12,15
35,48
1,2
39,28
14,14
11,15
33,43
37,25
47,69
24,20
22,18
50,36
20,16
8,5
10,7
17,18
50,35
7,11
22,14
28,42
11,11
32,18
29,37
26,20
6,5
39,49
5,7
21,31
37,36
24,30
21,26
1,1
6,8
43,42
33,43
36,48
20,20
6,9
33,48
33,38
39,55
48,70
21,24
22,14
39,27
11,17
33,44
30,31
25,26
47,66
45,26
30,25
27,40
17,20
39,39
15,20
41,55
48,49
38,22
35,36
14,18
34,34
30,38
10,11
44,48
23,15
1,2
38,47
15,18
21,21
14,19
17,14
44,41
8,11
44,26
39,37
43,40
31,21
19,12
37,48
39,50
38,27
2,2
40,23
4,3
11,7
34,25
13,13
20,18
31,22
31,27
36,48
41,22
14,16
8,9
17,12
47,53
36,37
4,3
14,17
32,20
38,43
43,51
38,43
9,6
39,59
26,28
10,10
3,5
19,10
46,32
46,46
45,25
10,6
26,33
21,16
6,9
28,29
30,18
48,32
14,17
22,12
41,35
34,30
22,18
23,15
40,31
40,38
10,8
37,50
25,31
6,6
38,40
44,49
1,2
41,61
50,36
37,29
38,54
34,37
18,24
32,24
14,12
22,30
6,4
17,15
18,12
34,37
27,14
14,11
24,15
19,24
25,25
7,8
27,29
35,28
31,22
24,29
4,6
8,8
5,3
24,34
18,18
32,45
28,19
37,47
33,30
5,4
23,32
37,49
8,11
16,18
21,12
36,25
33,50
25,29
43,57
9,9
31,30
21,11
43,33
2,2
41,60
32,24
5,4
12,9
8,7
15,12
36,51
25,20
39,38
11,12
34,21
46,62
11,13
33,50
23,29
47,67
42,61
39,39
22,23
5,5
38,30
25,25
26,38
37,46
48,30
13,12
2,2
36,45
2,3
50,48
28,21
38,36
21,19
22,29
6,4
44,34
19,25
42,38
30,28
17,14
47,68
3,3
25,26
44,38
11,7
23,26
26,30
46,47
27,15
4,3
26,38
31,45
12,18
2,2
33,28
7,8
24,30
27,31
10,10
48,67
27,16
29,17
29,22
38,48
44,36
43,46
17,13
39,59
16,10
6,7
26,29
36,50
46,61
9,12
6,5
17,11
5,4
31,30
19,20
18,27
12,10
21,18
24,27
16,13
48,51
17,11
15,15
19,28
18,22
9,12
5,8
32,36
50,63
23,15
31,27
31,40
38,24
14,11
10,9
21,18
26,37
43,47
48,36
42,48
42,50
5,6
20,22
46,36
34,45
18,23
7,5
33,37
47,50
17,12
10,7
37,55
16,22
14,10
6,4
32,40
46,61
16,23
12,18
20,14
12,7
28,25
2,3
10,9
13,10
33,30
46,54
23,27
48,31
18,19
16,20
8,9
9,10
41,34
44,55
19,28
9,6
48,33
30,26
47,54
33,48
46,64
20,15
43,33
19,22
49,31
31,42
43,43
44,64
11,11
43,60
23,24
44,53
11,14
36,29
4,5
10,13
46,41
41,32
11,16
38,41
48,36
38,30
18,16
15,15
16,19
8,9
40,51
25,23
1,2
2,2
27,16
29,26
46,64
47,47
34,38
37,29
34,27
47,34
39,44
17,24
23,18
50,47
23,28
47,31
44,41
14,15
46,55
2,3
34,31
18,18
21,28
39,48
46,64
42,43
42,34
31,29
19,13
32,25
5,4
46,34
48,63
31,24
16,12
19,10
13,8
28,26
13,18
24,28
25,20
26,29
44,42
16,18
41,57
7,9
2,3
39,40
24,16
27,31
10,11
20,24
26,35
13,17
37,27
8,9
34,51
40,54
33,28
18,19
25,14
23,23
5,6
49,49
15,9
47,31
16,22
23,34
44,59
4,3
9,10
43,48
37,42
5,3
49,72
44,29
39,21
7,5
4,6
30,42
44,56
25,30
15,8
11,15
28,37
49,66
13,11
17,25
9,13
37,37
26,38
26,23
9,12
19,16
37,29
45,64
11,8
9,9
3,3
16,20
20,16
25,17
49,27
45,43
35,24
50,37
11,7
20,29
12,8
27,28
32,46
4,4
46,26
31,18
7,10
46,24
28,15
5,4
22,19
19,12
46,66
31,34
14,17
36,23
40,30
10,15
32,42
5,5
12,9
13,19
22,29
16,21
14,21
34,25
1,1
26,37
39,36
31,38
16,16
1,1
18,18
15,21
37,56
19,24
47,53
1,1
6,6
35,21
31,42
15,12
50,50
6,7
38,31
7,6
10,9
8,10
10,6
29,42
27,25
3,3
30,43
15,14
8,7
39,33
35,36
5,5
11,14
13,18
20,23
8,8
43,28
29,31
24,19
2,2
44,56
29,21
39,21
36,22
11,14
25,25
27,36
27,33
15,18
26,26
38,47
28,39
13,15
22,22
18,23
47,65
12,14
23,34
47,66
37,26
1,1
33,39
9,11
45,25
31,43
14,19
39,42
18,12
11,14
48,32
30,23
37,37
40,45
13,18
19,22
38,35
48,40
24,27
5,7
36,40
38,34
43,43
24,16
6,8
16,13
37,28
48,53
31,40
23,16
45,48
22,12
35,18
6,9
43,41
4,6
4,4
50,44
20,15
20,15
1,2
26,29
29,17
45,47
23,21
36,44
8,12
49,34
8,10
36,49
19,21
14,17
31,33
12,11
13,15
10,10
19,14
7,6
2,3
22,25
7,8
21,21
37,32
32,21
19,26
11,13
26,28
44,41
19,26
49,27
42,43
15,21
9,8
17,25
40,50
8,7
16,10
37,47
9,12
47,36
46,28
50,47
19,20
46,63
17,21
44,31
45,41
41,46
16,17
16,15
2,3
18,21
34,48
18,17
40,25
13,15
46,57
7,9
26,36
26,30
20,20
32,19
44,65
21,30
14,9
23,27
24,25
11,9
37,33
38,37
10,10
3,3
24,19
14,10
14,9
6,6
2,3
2,3
3,3
38,47
25,24
8,10
33,37
7,7
26,37
50,33
6,4
23,33
22,21
31,35
35,27
33,24
2,2
31,40
24,29
10,10
31,17
49,63
17,15
29,40
8,11
33,29
5,8
18,27
12,8
6,7
34,23
2,2
39,57
33,38
1,1
47,63
36,38
27,16
4,5
29,17
43,55
24,32
31,25
6,4
34,38
29,25
29,31
40,39
1,2
50,45
37,53
43,57
48,64
33,35
22,17
47,49
28,16
40,57
35,25
32,32
42,46
50,46
39,42
13,9
38,23
4,4
35,24
17,25
46,54
45,59
32,34
32,29
34,19
41,43
38,53
39,52
5,6
28,18
47,45
2,2
29,29
41,35
10,11
43,38
36,50
1,1
17,23
42,33
48,53
37,47
38,47
22,31
16,13
13,9
31,22
50,49
32,33
11,8
38,31
11,7
9,9
42,58
44,55
25,19
35,28
10,9
36,29
31,43
3,5
3,5
17,21
38,39
44,47
20,27
32,38
27,32
20,23
29,25
45,48
1,2
40,21
25,22
1,2
38,34
45,40
6,8
13,11
38,39
35,29
50,42
18,22
31,16
38,40
49,29
35,28
48,48
47,47
8,7
10,10
25,19
40,22
47,37
29,36
21,13
45,27
33,36
28,34
11,7
20,20
30,30
34,41
34,38
21,24
43,56
7,7
17,14
42,54
27,23
37,32
22,12
6,9
10,12
33,30
47,36
14,8
48,58
42,22
29,18
19,16
44,65
45,52
49,48
38,34
38,50
8,12
20,11
3,4
19,26
25,14
47,25
34,38
25,16
24,28
23,31
11,11
48,44
24,24
7,7
45,55
44,35
32,21
6,6
32,45
32,24
32,40
31,27
21,29
14,12
8,11
50,32
47,68
30,37
46,69
29,32
24,34
47,61
9,11
20,21
25,15
25,27
50,36
10,10
41,47
50,58
11,15
18,10
37,47
18,22
28,25
25,29
17,10
39,49
41,56
9,12
23,29
40,23
19,18
7,9
38,25
46,37
50,73
19,22
28,40
3,3
16,20
49,30
30,41
13,19
22,21
32,48
24,19
10,10
3,3
34,28
32,36
47,44
24,18
33,30
36,24
10,15
40,51
22,28
39,47
23,24
9,7
15,13
25,37
42,53
38,54
29,23
12,15
40,49
39,42
32,29
10,14
12,10
13,16
9,11
42,40
34,30
42,28
7,7
16,19
46,48
19,27
32,42
29,42
35,20
49,61
48,35
3,2
17,14
50,26
4,6
39,25
47,39
12,9
22,13
31,27
20,14
33,21
1,1
13,13
36,30
1,1
38,23
25,25
16,21
41,55
22,18
29,19
38,30
49,41
28,25
25,28
22,25
17,23
28,41
3,2
3,4
16,20
39,45
19,26
41,53
46,55
14,19
47,29
30,31
18,23
17,25
45,39
42,39
35,23
38,46
46,40
36,47
40,56
50,66
19,12
45,30
25,33
23,31
17,20
34,26
12,7
30,24
36,22
33,48
47,41
48,36
4,3
43,46
49,49
50,27
6,8
9,7
43,30
23,15
46,24
4,3
25,26
23,33
39,36
4,5
12,7
45,23
8,10
4,4
48,67
43,59
33,38
8,8
44,37
22,23
34,37
2,3
15,22
37,40
34,50
40,43
21,18
41,23
45,30
6,5
6,4
9,5
8,6
21,29
19,10
2,2
49,52
2,3
2,3
37,28
47,47
34,51
5,4
23,20
41,25
29,36
11,9
22,24
20,30
39,23
25,35
11,13
47,40
29,40
15,10
2,3
22,31
13,15
21,15
47,64
39,23
3,3
23,20
12,15
7,7
14,8
11,13
38,22
15,8
4,6
37,41
2,3
3,4
14,12
50,66
8,6
3,5
15,14
42,61
12,14
6,9
37,50
43,22
36,47
6,5
17,16
6,5
7,5
2,2
11,15
3,5
37,31
15,9
49,40
19,16
13,12
40,40
33,46
43,31
42,24
47,47
12,16
24,30
7,10
40,25
20,20
36,34
27,20
6,6
28,37
2,2
21,28
47,71
32,37
27,20
18,25
27,19
44,48
33,47
43,46
47,28
26,21
48,62
32,28
48,45
40,38
33,18
1,2
5,5
44,44
7,7
18,19
39,41
47,50
28,42
29,21
29,15
44,65
46,30
43,29
19,15
35,22
23,33
11,11
9,8
24,18
3,3
22,21
37,55
26,24
43,25
41,61
43,48
43,50
9,6
30,44
31,39
6,9
40,31
5,7
17,16
20,14
25,22
8,6
29,27
12,18
33,32
15,12
24,30
13,18
3,4
17,11
40,42
31,26
13,15
33,33
45,52
4,4
35,40
24,24
23,27
4,5
42,49
16,11
22,30
20,12
1,1
40,51
5,4
20,30
38,51
48,25
40,51
4,6
19,27
30,41
12,16
20,18
26,29
15,10
12,12
45,42
10,11
24,28
43,35
16,15
12,13
38,43
36,21
48,28
30,25
41,44
13,14
42,32
42,39
14,15
50,38
38,31
48,50
41,30
15,14
7,4
28,20
30,37
1,2
35,34
33,24
29,41
33,28
9,11
37,27
41,39
3,4
21,32
39,38
35,25
13,17
39,27
9,12
50,29
48,30
13,8
37,49
43,56
35,48
33,37
18,13
25,15
30,36
1,2
39,44
48,52
5,5
11,16
22,20
37,53
17,11
34,39
49,62
37,28
49,57
15,22
40,23
42,24
13,16
29,29
37,29
15,13
8,10
49,36
31,45
17,14
6,8
14,11
26,37
5,7
49,64
39,25
16,9
39,21
34,22
34,42
42,32
9,6
42,36
23,19
40,40
32,17
16,9
41,23
40,44
29,26
32,40
27,40
24,17
2,2
46,67
28,28
14,16
24,34
29,21
21,15
22,29
3,3
9,12
41,34
11,14
12,8
29,24
6,4
36,27
31,36
16,14
20,27
48,32
38,46
27,39
24,27
9,9
47,63
34,20
40,50
19,24
46,32
37,37
45,67
25,22
9,8
30,39
44,27
21,16
26,14
1,1
39,32
14,16
46,32
19,16
22,26
23,32
15,17
21,15
6,6
13,17
11,8
38,24
2,2
27,36
21,21
28,36
37,29
48,55
46,29
29,36
30,22
48,50
45,55
25,20
35,25
6,4
39,29
46,52
28,19
30,31
33,35
44,66
5,6
8,5
32,42
15,23
46,48
10,15
11,8
12,10
46,35
7,5
17,18
1,1
18,16
4,6
27,16
3,2
18,27
22,16
28,28
34,49
46,29
7,6
2,3
21,18
46,36
30,28
22,26
32,36
34,40
34,27
36,38
24,33
25,17
33,25
39,21
40,38
29,21
15,11
19,25
24,23
47,59
43,33
24,28
31,37
18,25
27,38
41,37
10,9
32,26
37,51
14,10
29,41
25,17
44,32
19,18
12,17
10,8
18,27
34,25
20,28
28,42
44,63
25,36
33,23
2,3
30,18
3,4
9,12
9,14
39,33
38,35
16,24
31,36
35,39
3,3
36,34
46,64
17,14
16,19
20,22
25,30
9,9
41,28
42,46
3,4
41,50
23,13
5,4
34,49
17,23
11,7
7,10
10,7
9,7
15,21
22,23
29,21
42,24
12,16
8,8
41,26
27,26
21,11
49,67
39,28
33,30
16,17
19,18
28,25
14,16
49,57
15,11
8,7
7,6
11,6
45,61
39,54
2,2
27,33
20,14
11,10
20,12
11,7
11,6
41,38
26,36
28,29
25,17
42,36
15,10
44,54
32,40
16,22
31,30
27,22
45,62
50,30
21,25
14,10
49,30
4,3
22,30
27,15
15,12
20,28
13,10
21,17
17,18
35,41
40,37
22,28
25,26
26,30
44,43
6,9
45,52
19,13
3,4
14,19
12,10
27,23
4,5
3,4
24,30
39,55
48,54
20,22
34,28
31,45
16,23
9,12
8,9
49,54
42,31
11,12
12,17
22,23
45,27
35,47
24,32
9,6
35,25
44,35
13,17
26,33
9,8
27,23
6,8
10,11
36,35
44,33
26,19
35,21
10,14
35,39
32,41
22,22
36,20
7,11
34,41
18,10
36,36
20,28
18,11
21,15
45,31
6,4
48,70
32,32
26,34
6,6
5,8
6,6
47,26
32,19
28,21
43,24
6,8
27,15
42,57
38,23
24,25
35,34
34,32
28,36
20,24
23,32
29,44
48,62
19,29
47,39
23,20
32,38
17,10
47,30
21,23
33,40
2,2
45,50
13,16
37,38
25,34
35,50
40,59
24,16
44,55
34,46
46,44
33,22
44,24
7,8
25,24
19,26
50,63
43,47
5,5
28,34
14,13
41,46
32,40
43,38
31,41
14,17
46,61
39,43
19,24
36,26
28,19
2,2
25,35
46,25
6,9
2,2
11,17
30,31
32,18
26,18
9,12
49,59
9,12
45,32
50,39
11,10
33,28
8,5
19,24
6,8
41,55
14,18
39,50
23,34
12,10
48,40
12,13
3,4
10,9
46,59
49,60
3,5
35,42
42,58
41,40
7,10
47,59
17,15
25,19
47,43
14,21
49,61
16,23
6,4
14,13
47,26
43,37
40,24
39,37
1,1
47,51
7,9
7,5
19,19
12,15
15,22
21,22
25,13
38,32
27,36
29,37
30,29
28,17
2,3
48,36
29,17
12,17
24,29
42,30
30,22
26,30
44,48
4,6
32,27
44,57
18,18
45,33
26,18
49,58
11,7
3,4
28,42
7,6
35,38
3,4
9,10
37,30
15,22
44,24
19,20
23,28
36,25
45,29
9,5
17,14
37,25
50,53
9,11
5,7
23,32
16,10
15,9
31,41
36,40
46,51
16,24
15,18
30,26
4,4
5,8
3,4
13,17
4,3
28,20
7,8
43,65
29,30
13,12
21,25
28,18
21,23
6,8
49,63
44,37
48,64
32,39
41,40
40,46
41,43
1,2
12,13
24,21
37,32
20,26
22,16
47,45
42,63
29,29
29,30
40,32
7,6
13,11
48,32
9,6
37,42
29,41
33,48
44,62
6,8
1,2
20,12
45,57
45,32
44,59
45,37
3,3
37,46
24,36
14,10
20,22
8,7
2,3
32,18
40,56
6,8
20,27
25,17
46,25
18,19
22,28
14,13
11,11
29,23
9,13
24,34
32,47
19,18
24,15
4,3
6,9
21,32
36,26
47,36
41,44
41,39
32,41
37,43
16,21
5,6
13,12
44,60
22,17
3,3
22,13
35,47
49,39
20,22
17,14
33,50
26,22
23,26
7,4
13,18
10,13
6,8
1,1
42,53
49,53
28,28
8,8
41,52
44,66
23,20
20,14
17,10
8,5
6,9
47,37
37,34
50,36
13,16
49,26
41,43
23,27
31,40
38,26
42,23
26,32
38,25
29,41
24,14
21,13
27,39
18,26
41,50
43,29
25,37
12,8
39,54
10,15
46,58
27,29
14,21
13,8
21,16
27,30
42,26
38,27
16,23
25,35
9,10
42,60
47,52
34,48
41,39
47,66
48,55
50,62
26,36
41,44
34,27
25,28
9,7
17,16
11,6
40,56
19,16
39,34
45,51
32,39
17,15
14,21
15,18
32,23
6,4
36,35
5,8
12,17
4,4
37,44
14,11
34,44
32,18
26,31
44,50
42,58
11,7
12,10
1,1
15,16
32,21
15,11
16,14
41,39
4,6
15,18
45,67
21,12
35,35
18,14
7,11
16,16
10,14
13,19
37,53
45,50
49,35
3,2
49,49
24,20
13,8
29,15
18,13
50,37
36,25
30,31
7,4
21,25
42,55
1,1
3,5
36,24
49,60
35,42
47,38
4,3
1,1
1,1
21,18
8,5
43,23
13,14
17,16
23,33
39,36
15,11
23,35
14,13
20,19
2,3
25,20
15,14
5,5
26,16
2,2
12,13
33,18
32,17
30,20
41,45
13,17
47,49
1,2
39,21
39,44
33,50
14,15
26,28
37,50
24,36
45,39
45,41
9,12
27,26
19,15
41,31
31,30
20,25
18,23
21,15
31,31
18,17
37,28
12,8
26,16
16,20
34,46
36,52
44,46
19,14
19,16
33,34
40,37
19,26
7,9
11,17
23,18
19,18
50,49
33,48
28,25
47,38
47,28
29,37
38,37
44,59
21,15
42,33
42,56
33,28
44,41
2,3
44,38
15,14
25,21
47,43
45,43
34,51
20,18
30,37
42,47
5,6
46,41
29,23
23,14
28,20
41,34
3,2
18,13
21,24
40,28
14,14
28,27
47,69
27,36
44,43
12,18
25,20
16,15
42,42
39,22
48,44
38,48
30,33
21,22
33,24
48,72
46,54
17,20
6,6
23,26
37,42
11,7
47,65
41,53
42,63
18,26
41,52
12,17
34,45
44,38
28,15
9,11
27,21
2,3
48,57
13,12
2,2
16,14
10,12
41,50
38,43
34,41
43,23
9,7
22,21
49,41
29,18
3,4
23,25
29,35
43,65
42,29
36,53
46,53
22,32
35,19
49,33
31,45
18,18
41,42
4,6
21,21
35,51
41,60
7,8
43,50
5,4
43,55
41,41
49,69
6,7
37,38
38,56
18,17
25,16
18,27
37,21
31,16
29,25
25,33
8,12
26,35
4,3
46,63
16,22
7,10
27,39
21,23
6,9
38,47
30,28
22,12
13,19
46,26
26,36
10,10
1,1
38,25
1,2
23,28
3,3
5,6
50,51
22,30
33,19
45,54
30,39
11,14
27,28
29,20
8,11
18,18
33,39
43,37
9,7
27,20
23,13
34,21
16,21
1,2
23,14
21,20
48,49
45,34
48,72
31,32
17,14
28,20
8,10
1,1
33,20
33,30
27,33
12,13
5,4
22,28
25,33
37,22
23,33
27,18
39,44
20,14
33,18
44,30
24,24
48,58
39,47
6,6
22,12
46,35
14,12
8,11
29,40
2,3
27,27
37,28
5,7
29,16
34,33
37,38
42,24
4,5
9,12
50,66
36,32
32,30
50,40
44,42
24,26
31,41
50,43
32,48
39,47
31,44
7,5
35,52
16,15
21,15
13,14
33,44
44,32
41,28
44,36
13,18
1,1
28,18
43,62
26,26
22,13
41,41
8,5
35,41
34,40
6,7
44,52
10,15
46,60
47,61
27,27
7,7
23,30
44,23
26,29
6,6
45,65
39,27
37,26
35,45
27,19
26,19
10,12
48,41
47,54
11,7
1,2
48,71
49,42
2,2
12,15
7,5
29,36
36,52
45,24
10,13
6,5
13,12
48,70
15,20
43,45
4,6
18,10
20,13
50,66
10,9
7,6
27,37
2,2
32,32
48,25
23,33
22,22
48,65
25,27
1,1
4,4
26,32
31,23
38,39
17,19
48,28
42,56
30,39
32,29
17,19
15,20
42,56
5,4
23,32
5,6
33,31
41,28
17,24
42,56
13,18
33,21
7,7
4,4
5,6
46,32
11,7
12,12
37,29
22,26
31,30
40,56
22,29
46,48
14,17
25,31
48,63
8,9
45,32
35,34
38,47
4,6
48,69
17,19
9,8
22,13
23,16
11,15
1,2
35,30
24,25
6,6
7,5
12,11
48,59
29,31
29,43
46,65
19,28
47,48
24,21
19,28
12,12
13,17
30,26
26,17
25,22
50,36
31,36
36,46
34,49
31,31
40,56
25,25
12,10
21,12
43,29
44,27
9,7
11,14
48,46
41,46
10,10
3,3
49,60
14,18
13,9
43,45
38,54
7,7
47,60
28,22
47,46
15,13
24,34
2,2
22,12
41,31
7,11
15,13
42,33
27,29
3,4
41,49
17,15
18,15
3,5
39,28
45,48
34,42
8,10
38,22
34,46
16,12
18,21
20,26
31,40
27,32
12,7
11,9
33,37
1,1
28,36
20,22
12,14
17,19
17,19
10,6
27,27
44,32
18,20
17,21
48,53
35,27
16,11
49,69
17,16
5,6
36,41
27,39
23,29
2,3
14,19
22,13
30,29
7,9
7,11
46,27
15,12
9,14
4,3
13,8
33,32
13,19
24,28
20,29
48,71
39,44
28,31
22,15
9,11
34,48
50,36
38,33
26,14
14,14
23,26
43,35
24,35
4,6
28,30
29,43
3,3
41,28
11,9
27,33
43,23
40,38
24,22
6,6
35,50
20,20
19,28
23,20
7,7
7,8
26,29
30,35
4,5
42,54
20,22
7,6
24,27
29,28
41,38
42,26
41,47
8,10
8,5
29,18
39,38
2,3
8,12
9,7
22,15
18,23
28,24
2,2
39,26
1,2
20,11
28,34
33,18
42,58
23,34
25,38
8,10
50,73
28,25
5,6
21,18
1,2
4,3
29,28
31,18
44,66
5,7
35,45
45,38
5,4
4,4
40,40
34,30
30,39
19,12
28,26
4,4
20,12
1,2
33,36
24,22
14,13
4,4
46,41
3,3
3,3
15,23
26,17
26,27
50,61
25,32
5,6
25,25
47,55
20,22
39,59
35,37
32,39
1,1
22,16
23,17
38,25
3,3
6,4
47,36
30,30
47,68
5,7
15,20
47,52
28,22
50,48
23,13
27,35
17,23
6,4
5,7
13,11
1,2
23,16
19,26
37,24
1,1
4,5
23,33
21,16
24,33
32,23
11,9
35,53
40,35
38,24
8,8
20,13
35,47
35,30
16,20
12,15
27,37
23,16
50,65
16,15
21,29
33,26
9,6
3,4
14,14
20,11
5,6
50,52
46,67
4,5
12,7
47,58
31,45
34,30
43,44
1,1
3,3
35,28
41,26
49,56
39,58
4,6
19,14
32,46
44,63
14,8
37,45
10,9
47,69
33,25
20,24
44,55
23,21
49,62
46,56
37,48
49,46
43,33
50,29
18,17
16,20
25,36
13,19
14,13
8,7
18,25
24,30
13,8
6,6
20,30
13,19
1,1
9,9
5,4
42,61
19,26
30,23
47,55
11,16
26,27
5,6
30,33
18,25
16,12
10,13
8,10
35,31
7,7
36,30
38,48
44,66
27,20
49,49
14,11
41,45
44,30
42,59
45,53
15,15
41,34
10,14
6,4
41,51
9,7
6,7
47,66
9,12
33,21
5,5
30,42
30,18
22,25
47,70
41,54
24,24
7,6
26,25
29,16
44,44
21,16
16,9
7,6
33,49
50,30
13,17
29,42
44,64
37,23
21,22
7,10
46,41
39,45
19,23
20,25
9,11
13,15
48,41
28,31
48,31
48,70
49,61
28,34
46,33
21,23
36,35
31,27
18,20
18,26
13,14
47,71
30,23
47,54
27,40
49,51
20,14
8,7
29,21
43,30
42,25
36,25
14,19
1,2
1,2
14,13
50,57
17,17
10,15
18,23
41,60
8,12
13,18
9,10
16,14
40,27
37,26
6,4
40,51
36,47
13,10
31,36
35,39
28,36
42,51
5,6
42,27
19,27
47,59
46,42
33,32
20,24
5,3
32,43
26,18
33,32
13,15
24,27
17,18
13,16
17,16
37,42
13,9
18,20
41,30
12,7
43,36
7,10
42,61
28,32
48,60
14,17
3,4
18,14
33,43
29,27
25,20
4,3
36,47
23,33
38,21
1,1
48,54
30,44
23,28
39,36
49,57
36,40
8,5
28,31
42,26
49,26
33,44
28,31
12,17
4,3
24,28
43,62
37,56
36,35
4,4
40,59
1,1
23,31
29,29
5,6
13,18
4,5
4,6
32,21
3,5
36,39
31,39
47,40
40,52
44,30
19,12
26,25
16,24
1,1
19,24
2,3
41,39
40,46
28,20
43,54
18,20
20,12
35,26
18,15
12,8
3,4
31,45
13,9
17,20
18,11
50,32
40,34
49,72
38,26
48,39
40,44
46,30
41,55
36,35
37,22
33,41
13,10
34,26
7,10
10,12
15,22
43,56
38,28
40,23
6,8
25,17
18,26
16,16
44,44
7,7
21,30
46,36
21,17
45,47
33,41
42,57
50,40
2,3
38,24
20,22
2,3
17,26
30,30
19,16
48,36
19,22
39,49
12,11
50,56
19,19
18,14
21,19
46,53
9,5
46,43
35,44
5,6
21,27
28,41
35,51
45,49
29,27
19,14
4,4
4,5
45,30
38,54
12,16
13,20
5,8
16,14
21,22
27,31
28,21
17,17
42,24
46,44
29,38
35,53
1,2
29,42
50,39
27,29
50,35
16,19
26,29
43,54
32,35
9,6
45,56
32,44
47,52
41,55
13,11
17,17
5,4
49,43
19,17
18,12
50,75
33,30
47,56
49,37
12,9
41,22
31,36
6,5
6,8
50,46
24,29
16,20
43,59
28,21
31,31
19,15
12,7
3,5
5,4
47,36
31,34
31,18
25,21
43,41
8,10
13,16
20,29
34,28
34,50
27,16
7,9
32,40
41,45
40,44
30,22
10,14
40,50
40,56
5,4
10,11
1,1
5,8
13,16
43,34
19,25
11,7
37,51
7,10
48,67
14,20
27,21
44,64
26,24
44,51
8,11
11,11
39,20
4,3
33,40
25,15
37,38
11,15
50,29
6,9
32,45
48,35
49,39
50,63
13,9
21,29
42,30
7,8
28,36
19,24
40,25
13,10
21,15
10,6
2,2
48,47
15,22
2,2
41,21
24,24
1,1
39,40
15,18
14,15
19,22
14,11
35,32
7,8
33,40
40,52
5,8
36,26
10,15
28,39
9,13
39,41
16,23
36,36
17,22
49,62
46,54
33,31
40,49
39,55
41,42
31,20
11,13
20,12
31,34
16,14
5,5
18,19
43,53
47,63
34,40
10,15
38,21
45,43
15,12
21,21
10,12
4,5
12,14
17,20
26,30
44,56
22,25
34,35
16,11
29,17
40,59
12,8
17,21
19,13
39,57
39,33
8,11
7,7
17,21
15,11
20,16
16,9
40,37
24,15
20,18
7,5
37,32
35,27
22,32
17,18
15,11
43,46
45,48
31,35
25,18
10,12
43,38
34,34
33,24
18,26
12,10
40,36
41,46
30,39
8,12
2,2
18,23
46,34
23,29
8,7
41,57
32,22
11,12
17,15
34,24
31,23
28,27
15,8
20,20
38,31
48,64
23,26
10,13
13,8
24,24
3,5
3,2
6,6
33,37
10,8
14,11
7,11
15,20
44,64
24,34
42,63
1,2
16,24
22,12
50,47
13,10
44,32
7,9
10,10
16,24
20,26
13,13
1,2
35,35
16,15
45,38
31,35
33,19
45,31
40,25
47,54
32,41
2,2
19,27
42,46
32,30
32,34
26,15
38,41
44,50
16,24
36,40
28,41
32,25
29,18
42,22
34,25
1,2
8,9
21,31
16,21
34,43
38,38
35,20
5,6
16,14
16,11
41,62
46,24
11,7
21,13
18,23
37,42
38,36
27,34
46,35
8,12
16,17
14,21
43,25
12,13
10,15
40,41
35,36
20,11
43,28
15,13
29,21
22,32
50,32
37,29
27,23
35,20
9,9
43,34
36,52
9,6
44,59
46,41
48,36
47,36
2,3
45,59
48,65
17,11
5,5
50,62
18,27
2,3
15,19
17,14
33,21
15,22
48,33
22,28
16,10
50,64
10,10
13,7
24,34
7,6
5,7
10,9
48,46
39,56
41,24
5,4
45,54
30,43
12,18
42,55
21,24
40,22
18,13
27,38
36,20
19,18
30,45
9,13
47,67
50,51
20,21
46,34
50,63
44,46
45,38
40,41
4,4
47,47
49,33
3,4
46,65
11,15
35,42
32,45
25,31
50,41
49,41
20,28
35,38
3,4
17,9
50,45
12,17
17,13
4,5
46,58
44,34
30,30
16,11
27,22
7,11
2,2
17,17
27,34
48,27
40,37
7,7
20,29
46,62
28,37
18,17
42,56
41,31
22,28
37,53
29,31
2,3
24,21
49,65
3,4
18,20
16,9
46,46
32,30
44,52
30,30
30,37
48,60
8,6
19,12
3,4
2,2
24,18
20,18
50,28
48,29
39,52
24,31
5,7
46,38
31,17
43,24
16,10
49,41
40,50
10,13
23,34
36,39
29,23
28,33
6,5
22,30
37,37
37,48
13,10
33,29
16,10
25,14
48,72
37,34
14,9
29,23
43,30
33,44
5,8
10,14
13,10
11,10
30,17
16,22
18,13
3,4
5,7
23,21
24,29
31,35
27,18
21,12
34,23
49,52
43,61
35,30
1,2
5,3
43,28
22,32
34,48
3,2
1,2
9,5
37,29
18,17
16,18
16,10
42,29
34,32
4,6
49,48
26,32
30,24
37,33
27,23
13,16
47,53
5,5
1,2
50,73
41,46
28,22
2,2
25,37
12,15
23,35
42,60
47,53
29,24
20,28
14,13
37,20
9,10
33,40
2,3
9,14
22,14
47,42
46,35
35,23
40,51
8,11
45,34
44,23
35,35
39,48
15,10
35,34
44,46
5,5
39,51
48,60
26,26
29,36
49,52
35,30
31,24
5,6
11,16
7,11
37,43
1,2
37,36
34,29
22,22
27,25
7,6
19,10
42,39
19,18
35,23
2,2
40,38
6,4
1,1
14,21
20,14
35,23
39,35
50,28
40,30
15,16
2,2
10,9
44,27
35,46
26,32
12,14
31,43
39,32
18,21
17,14
11,12
50,73
29,22
12,12
22,19
31,31
43,45
7,7
12,16
9,13
24,24
25,30
47,28
27,39
31,37
35,24
45,24
15,15
17,13
40,46
44,34
18,13
7,9
38,23
38,31
4,5
23,22
40,50
2,2
1,1
36,30
42,53
32,31
29,39
12,14
8,12
49,52
3,3
6,5
28,19
17,17
9,8
31,19
36,36
12,13
24,13
12,10
46,49
22,25
28,34
11,16
43,27
7,5
32,46
19,21
31,39
39,54
8,7
8,8
7,8
37,22
30,36
8,6
39,46
32,33
40,41
38,53
48,44
31,18
11,12
23,30
7,9
48,60
12,11
9,11
20,29
24,13
49,32
18,13
48,72
16,24
15,21
40,25
49,70
46,58
33,20
15,17
5,8
48,69
37,35
46,42
25,37
6,9
2,3
45,59
2,2
6,5
11,11
26,21
44,60
39,33
23,22
1,1
33,45
47,26
10,10
23,24
4,6
24,20
38,56
4,3
1,1
36,26
50,29
21,24
22,27
3,5
33,36
48,29
48,63
10,7
41,57
31,35
50,54
9,8
1,1
26,38
39,41
17,15
36,47
16,18
23,19
31,32
21,23
45,45
48,44
19,28
39,55
21,14
25,16
12,12
45,28
30,23
9,6
6,4
13,15
19,13
25,28
37,38
13,8
10,10
34,41
18,21
41,44
8,12
7,5
44,48
29,41
36,31
36,32
17,14
23,31
11,10
1,1
24,17
9,13
45,41
47,63
39,28
39,59
22,25
49,37
49,29
37,49
30,34
44,40
40,56
38,54
48,66
24,36
31,35
5,8
36,27
15,15
33,42
6,7
29,36
47,58
16,12
42,28
32,24
32,44
16,21
7,11
32,17
43,62
37,48
20,27
27,41
27,34
39,30
8,11
26,23
42,24
48,27
30,38
2,2
18,17
49,37
33,48
5,4
43,50
46,33
39,51
18,11
10,9
35,21
19,17
4,6
17,25
48,28
3,4
22,14
45,41
22,33
43,35
18,20
33,33
21,22
47,40
30,16
35,48
43,34
2,3
48,72
16,12
46,56
1,1
13,10
11,15
16,14
19,17
12,17
49,31
23,32
48,51
44,23
18,26
20,14
37,25
5,8
23,22
35,42
20,23
29,33
12,9
16,11
1,1
34,29
32,48
15,22
25,15
2,3
16,23
18,11
32,19
27,16
35,31
47,68
34,37
26,22
27,36
33,43
13,16
1,1
13,8
28,36
43,30
24,22
21,31
19,19
14,14
50,33
33,25
23,27
16,20
33,20
23,34
19,23
21,16
26,29
45,34
42,46
27,34
11,12
45,48
26,33
10,6
4,3
43,44
8,5
14,12
42,43
21,21
17,24
40,52
48,33
21,28
30,17
34,31
31,44
3,5
39,50
12,17
45,42
46,39
42,60
5,6
16,17
21,18
10,6
22,19
37,23
30,26
18,17
22,12
20,19
45,35
48,40
29,17
15,16
30,42
50,48
49,27
4,6
24,13
32,27
12,13
24,30
11,13
8,11
28,28
50,70
48,43
1,2
28,42
49,42
2,3
24,25
17,14
6,7
15,15
48,44
19,11
11,10
40,30
6,9
47,44
48,30
46,29
26,29
2,2
18,18
4,4
16,17
5,8
21,31
28,31
29,18
27,30
26,37
9,11
3,3
44,26
21,24
36,31
31,23
38,40
27,16
5,5
17,10
37,44
12,17
42,29
18,15
43,59
29,25
30,34
22,19
9,5
30,45
45,54
42,53
16,11
10,6
3,4
1,1
13,13
9,9
24,17
25,31
36,22
39,54
39,32
32,21
6,5
45,26
45,39
10,6
43,43
28,33
50,42
14,12
43,45
4,3
23,33
44,66
28,40
15,20
47,70
49,26
28,16
47,64
32,47
9,13
14,9
33,49
33,45
36,33
41,39
2,2
11,11
35,24
18,26
27,41
4,4
6,9
27,28
6,9
21,20
35,50
18,13
45,38
14,20
17,21
10,14
50,51
47,58
41,24
18,23
26,33
21,15
43,60
1,2
23,15
37,47
50,45
37,24
45,25
30,27
46,45
29,39
41,28
19,22
48,63
36,20
31,36
46,68
25,17
17,9
16,17
22,16
49,46
45,50
39,52
41,53
24,36
43,25
8,9
19,23
26,24
42,49
22,27
9,8
25,32
33,41
36,40
3,3
2,2
44,40
14,19
42,27
50,73
28,32
41,56
41,57
40,47
25,36
35,45
39,30
13,14
6,4
9,6
3,5
47,46
2,3
37,56
20,25
30,36
34,34
8,9
27,31
48,61
47,27
5,4
36,28
32,36
8,10
34,46
48,68
45,53
35,31
42,24
8,11
14,18
16,24
6,5
6,8
2,2
3,3
8,12
40,52
38,49
8,5
42,50
3,4
38,49
30,30
44,30
41,59
30,19
40,34
42,52
7,6
26,25
34,25
39,41
38,54
44,62
31,18
45,25
50,54
36,39
13,12
35,40
42,58
33,22
42,23
11,11
49,26
32,42
31,28
1,2
50,36
1,2
31,46
28,36
2,3
7,6
32,25
24,31
34,48
32,43
28,32
36,45
35,33
47,52
21,13
22,25
29,40
29,16
17,26
1,2
16,23
6,5
45,67
42,51
28,39
8,10
38,27
15,13
26,21
1,1
2,3
19,28
7,8
33,43
35,33
23,28
44,56
26,31
26,25
42,52
29,22
2,3
48,58
43,38
28,21
27,15
49,65
42,36
27,19
8,7
17,10
1,1
21,21
44,23
35,40
42,25
23,19
31,41
47,62
50,47
34,27
11,11
46,42
36,20
46,31
8,7
15,15
20,21
12,18
8,8
42,58
34,49
20,19
30,36
11,6
21,26
11,14
35,19
43,46
10,6
38,51
5,6
25,26
41,61
46,28
29,15
33,33
31,41
31,25
5,5
41,23
43,60
38,36
7,8
40,35
34,41
37,25
38,20
39,26
23,32
32,36
39,24
24,22
4,5
6,9
22,24
23,29
10,13
49,35
39,22
19,14
10,11
22,31
14,14
38,42
3,3
43,31
43,31
14,18
21,18
19,18
24,35
47,30
12,7
49,27
3,4
19,18
26,24
22,16
35,38
7,8
48,49
42,62
36,28
44,66
22,16
40,38
35,52
38,30
31,25
34,27
27,34
27,27
5,5
36,34
39,22
4,6
11,15
25,37
6,9
21,32
7,11
30,41
39,57
36,39
34,23
31,28
46,63
2,2
50,43
43,34
28,27
12,11
8,12
12,17
24,31
9,11
45,54
8,9
7,9
36,25
37,25
39,44
23,28
47,41
39,30
50,64
7,5
21,26
38,28
35,47
36,48
4,6
50,74
26,19
36,35
5,4
31,38
27,25
34,38
47,46
1,2
7,6
41,38
26,32
14,14
41,59
1,2
23,33
4,6
32,32
9,12
33,27
9,11
8,8
32,17
2,2
14,11
41,55
36,50
4,5
24,31
47,37
33,23
14,18
13,15
17,22
50,49
15,12
12,16
3,2
13,8
6,5
22,26
33,43
6,7
11,8
41,23
1,1
40,36
33,50
22,21
10,6
35,27
8,11
47,48
31,43
42,62
17,16
34,41
43,64
27,27
31,36
21,14
48,70
23,32
25,34
9,5
35,47
46,29
29,20
26,35
43,47
1,1
20,28
36,41
37,23
27,32
24,35
41,44
30,33
15,11
18,10
1,2
36,47
14,14
24,26
6,8
23,28
32,17
31,18
37,23
13,18
8,8
16,16
30,38
1,1
26,14
44,36
24,32
29,23
32,36
29,21
8,6
1,2
11,15
15,20
48,50
42,29
49,51
45,52
22,16
10,11
25,17
4,3
40,27
11,15
23,20
23,15
27,15
34,51
19,19
14,19
24,18
20,30
10,12
18,27
46,67
42,39
22,13
37,19
6,9
4,3
28,28
17,20
5,6
33,48
43,61
14,21
47,42
4,3
38,23
45,28
41,32
46,48
26,14
36,36
16,19
45,43
20,15
13,20
46,59
45,45
2,2
5,3
34,46
24,13
50,49
13,7
2,3
13,11
29,38
5,3
50,34
31,22
1,2
31,39
7,4
18,27
10,10
4,4
10,14
43,51
28,34
25,34
21,29
21,20
48,72
22,14
34,46
26,36
41,58
50,68
12,15
46,66
7,6
42,48
45,62
5,6
48,45
26,22
35,45
39,26
21,15
40,27
33,25
17,15
45,33
30,24
45,68
22,29
39,43
36,24
2,3
27,16
44,56
8,6
17,12
9,5
7,10
23,13
49,61
14,20
47,47
37,44
14,19
39,57
50,61
28,18
4,5
7,8
33,40
15,21
5,3
1,2
3,4
8,5
28,25
43,24
15,20
12,13
3,5
41,24
50,36
13,15
33,19
49,50
36,49
20,16
23,21
41,56
24,13
31,38
33,41
21,24
43,44
41,32
20,22
28,37
45,33
45,63
42,37
3,5
30,35
18,22
50,55
30,42
50,45
4,3
13,9
21,17
40,46
39,26
13,16
7,5
15,17
19,14
26,38
1,1
50,58
6,4
19,23
31,25
47,67
14,21
27,28
27,35
41,47
5,4
31,44
37,52
26,19
21,19
11,10
20,12
19,29
2,3
1,1
46,29
2,2
11,10
23,15
31,40
5,6
22,31
43,58
25,15
46,34
25,16
14,11
4,5
27,20
31,33
26,37
38,35
36,54
8,5
35,32
22,20
32,38
15,17
47,48
11,12
24,35
36,47
46,59
42,55
22,26
41,31
27,16
14,10
43,24
9,13
34,31
21,22
39,25
26,30
48,47
32,17
1,1
4,5
10,15
24,36
8,7
34,19
29,21
43,47
20,13
39,55
18,15
45,27
26,19
1,2
13,10
42,63
2,3
12,12
49,59
49,69
29,21
37,30
37,33
48,52
14,21
12,17
35,44
34,41
9,14
3,2
48,57
36,53
27,33
1,2
49,44
30,36
8,12
18,12
31,34
19,12
13,13
27,23
49,25
16,13
6,7
15,23
33,49
47,66
25,32
40,22
20,14
31,44
17,18
35,46
20,21
4,5
32,46
38,39
8,8
49,51
19,23
35,33
5,6
3,3
48,47
32,43
40,34
38,24
42,49
49,47
16,17
46,50
25,30
19,24
11,11
38,24
41,32
34,41
24,17
40,50
25,26
42,61
46,35
40,32
9,11
34,34
22,24
11,16
40,25
47,43
13,11
48,49
36,38
2,3
34,20
32,37
44,33
48,63
34,51
34,26
46,27
28,30
39,30
34,26
3,4
46,40
14,13
25,17
28,24
12,11
11,9
32,21
1,1
32,23
30,28
10,14
23,28
26,18
40,36
38,37
43,56
25,35
8,7
19,19
38,50
13,12
38,31
2,3
22,21
28,35
32,32
34,40
31,19
46,50
44,37
18,13
29,38
27,26
39,50
49,61
34,23
22,29
9,12
3,3
34,47
37,33
43,23
41,36
6,9
13,8
19,25
31,30
23,14
40,60
39,43
44,52
22,30
4,4
4,6
24,31
3,4
46,25
29,43
17,18
49,33
17,25
26,38
19,27
27,41
17,11
3,2
21,13
49,28
48,26
49,42
15,12
19,19
50,58
45,49
44,44
38,29
1,2
13,19
9,10
23,17
48,29
27,25
38,57
17,23
3,4
2,2
30,34
44,27
29,16
47,58
49,72
6,9
17,23
4,6
42,23
45,42
30,39
20,15
35,52
37,19
16,10
27,24
23,23
33,30
37,25
20,13
29,36
12,18
49,58
4,6
47,49
50,27
32,36
36,48
13,16
21,23
16,24
21,30
22,28
21,29
7,9
5,6
32,41
43,59
27,25
12,7
46,59
4,6
4,5
37,50
39,53
7,4
38,50
41,48
16,14
28,20
13,10
41,31
22,19
20,28
38,52
15,21
22,20
34,36
43,49
41,59
2,3
5,5
28,16
47,63
47,34
28,20
43,23
39,48
49,66
18,23
6,9
5,8
28,23
31,27
7,6
40,48
26,30
9,11
6,7
35,32
20,22
47,50
15,10
50,46
31,46
29,16
14,8
42,29
25,17
39,30
21,23
36,42
21,29
34,25
43,26
30,30
7,11
18,19
47,49
32,31
15,11
38,26
36,47
21,21
41,62
9,13
37,36
50,67
43,34
7,7
22,29
28,29
19,12
44,37
36,29
13,20
28,24
48,35
41,44
48,56
23,17
21,29
47,55
37,45
48,50
36,42
21,15
1,2
34,26
39,44
45,27
38,40
38,28
20,19
25,33
2,2
17,17
50,36
19,23
30,37
19,14
20,14
29,32
28,24
16,16
27,30
40,34
38,34
24,34
6,8
14,12
11,8
25,23
17,25
11,15
7,11
32,19
12,15
35,38
49,33
33,19
6,4
13,13
25,38
37,42
37,37
30,42
23,14
50,37
35,24
14,16
8,9
16,18
48,59
6,4
34,49
47,69
3,3
10,7
46,26
46,39
10,11
4,5
19,24
31,21
37,37
44,58
45,25
45,50
38,46
25,33
45,55
49,65
29,34
42,32
44,59
16,19
12,18
22,24
22,26
10,7
6,9
16,12
3,2
3,2
16,18
21,16
28,18
22,22
31,24
5,7
47,42
15,22
9,7
29,42
31,26
10,6
25,21
34,50
21,27
39,38
30,40
46,36
21,13
4,3
27,39
49,33
29,29
13,16
33,30
2,3
27,18
21,32
21,18
38,29
24,24
5,7
25,29
7,5
24,13
25,15
9,9
21,25
19,10
26,14
3,5
15,8
38,56
46,45
21,30
44,26
17,23
32,19
43,27
34,50
17,11
12,14
46,67
33,19
37,46
32,29
41,51
10,10
9,6
6,7
36,43
36,39
7,7
38,32
43,37
42,32
18,20
34,49
37,43
5,7
16,22
37,44
14,14
14,16
32,21
45,57
1,1
13,16
21,25
26,27
11,10
11,10
45,41
3,3
3,3
39,41
1,1
12,17
47,26
15,18
7,5
35,43
23,14
12,9
16,9
26,15
7,8
30,45
33,29
40,56
22,12
28,25
19,17
38,47
45,41
37,33
20,27
19,12
31,32
47,62
9,12
48,27
39,48
20,19
36,28
11,12
13,12
12,8
29,25
18,11
17,18
17,25
14,9
33,27
11,12
19,13
21,32
36,40
4,5
31,36
50,42
50,58
9,6
6,9
31,23
26,21
9,13
24,28
25,13
39,45
4,3
11,8
45,27
9,8
35,40
4,3
37,45
6,4
27,33
38,24
2,3
35,52
1,1
49,53
26,15
6,4
38,57
29,41
6,8
38,24
49,66
16,24
9,9
29,29
38,37
7,10
13,15
30,28
21,16
11,15
6,7
39,45
27,15
16,20
7,6
46,58
48,56
8,6
18,22
41,44
26,27
41,24
46,38
40,25
20,14
25,35
30,44
1,1
4,5
22,15
7,10
17,18
28,26
43,48
25,23
4,5
23,27
15,17
40,49
36,27
12,9
18,27
37,20
8,5
33,43
7,9
14,17
22,27
9,8
26,27
24,17
31,47
5,7
22,32
33,31
28,25
49,36
47,67
24,21
41,42
13,18
48,58
15,14
21,28
11,13
21,22
10,7
38,21
30,27
45,65
31,23
19,15
13,17
35,20
37,39
11,15
24,36
14,16
12,18
36,43
20,23
38,21
50,28
9,12
23,32
16,10
25,35
46,25
24,30
23,24
37,32
4,5
20,23
3,3
46,30
41,48
33,24
27,41
24,21
13,10
29,41
31,42
11,7
16,18
5,4
8,9
25,18
48,27
29,17
32,29
50,74
44,37
4,5
23,18
18,26
29,19
24,18
48,64
38,28
24,20
15,15
6,8
50,40
9,9
13,13
21,20
36,50
11,13
2,2
39,41
33,18
13,9
35,18
2,2
12,8
16,14
30,26
4,5
44,32
17,22
25,38
2,3
26,18
23,26
3,3
39,38
24,35
34,26
11,16
49,74
13,19
13,9
10,6
41,36
40,47
37,50
48,72
3,4
1,1
34,36
28,27
11,16
19,26
44,52
34,46
18,26
12,11
26,28
37,53
35,33
18,11
41,37
31,45
26,26
44,23
13,18
14,14
22,30
37,32
38,33
10,7
36,53
16,21
31,35
24,25
47,29
35,27
10,10
32,43
14,14
17,16
40,47
29,30
34,44
46,56
42,38
9,8
12,9
19,26
4,6
17,24
1,1
5,4
8,5
14,21
10,15
4,4
1,2
18,10
20,26
6,8
36,47
34,36
47,40
1,2
6,8
37,36
5,5
20,19